# TileUp -- instancia generada
# N=5 K=4 M=200 semilla=1 valor_max=9
5 4
200
2 2
3 2
4 8
4 7
2 2
4 1
4 7
1 8
3 4
1 6
1 1
1 9
1 7
2 7
1 9
2 8
4 9
2 6
2 4
4 5
1 7
1 3
3 2
3 9
4 9
2 5
3 8
4 1
4 4
4 7
2 6
3 2
4 9
1 3
4 6
4 1
4 1
3 7
2 3
2 1
2 9
2 7
3 6
4 5
1 7
2 9
2 7
1 8
3 9
2 9
4 8
3 7
3 1
3 8
1 4
2 9
2 2
3 1
1 2
1 8
1 5
2 5
1 3
3 5
1 3
2 5
2 5
3 8
3 8
4 2
1 5
4 6
4 4
3 2
3 9
2 7
1 4
1 7
2 1
2 8
4 9
2 9
4 4
1 7
3 7
1 5
2 4
1 5
1 2
3 5
2 7
3 3
1 9
1 4
4 3
1 7
2 6
1 4
4 4
4 2
4 5
4 1
3 7
3 1
2 4
3 3
3 7
2 5
1 7
3 9
4 9
2 2
1 2
2 3
2 9
2 5
3 9
3 6
3 6
1 5
2 8
2 9
1 6
1 7
1 7
2 3
3 2
4 2
2 2
3 6
3 9
1 8
3 2
1 5
1 1
1 7
1 1
2 4
4 3
1 8
2 4
2 2
4 7
3 9
3 8
3 2
2 6
1 1
1 5
3 8
4 6
4 2
1 6
4 2
3 4
4 6
3 3
2 5
2 4
3 2
3 2
4 2
3 4
4 5
1 6
2 6
3 4
3 2
1 4
2 1
2 7
1 5
1 2
1 1
3 6
4 8
2 2
3 2
2 3
2 3
3 5
1 9
3 3
2 3
1 6
2 3
3 7
2 1
2 5
1 8
4 9
3 9
4 9
4 1
4 6
2 5
4 1
4 1
1 6
2 3
