# TileUp -- instancia generada
# N=4 K=24 M=200 semilla=1 valor_max=9
4 24
200
5 2
9 2
16 8
16 7
7 2
16 1
13 7
20 1
23 8
9 4
19 2
11 1
1 1
21 9
1 7
22 4
14 1
17 4
15 8
18 4
12 4
22 4
15 5
1 7
18 2
6 5
4 6
24 9
14 9
22 4
10 5
19 8
17 7
19 1
16 4
24 7
14 3
12 9
23 6
3 8
22 9
4 3
17 7
12 8
24 1
16 1
10 7
21 3
6 9
8 1
7 9
18 4
13 9
12 6
15 5
22 9
20 1
13 9
5 9
18 4
14 1
16 6
19 9
7 9
14 8
12 7
12 1
18 9
20 6
15 1
8 3
18 3
3 9
9 1
22 2
3 1
15 1
9 4
9 2
20 3
12 5
3 3
6 5
17 3
22 5
21 5
15 6
16 8
4 1
10 7
11 7
7 5
4 5
24 9
7 7
1 4
1 7
5 1
24 3
15 9
22 7
18 4
21 9
15 4
17 1
13 6
22 7
2 5
5 4
2 5
3 2
10 5
24 3
14 5
5 1
18 1
19 4
19 8
6 9
2 7
7 6
4 4
19 7
19 4
16 2
22 7
10 9
16 1
11 7
10 1
6 4
11 3
11 7
7 5
22 2
13 9
12 9
16 9
8 2
24 1
3 3
6 3
18 4
9 6
20 9
9 6
11 6
4 5
8 8
5 9
4 6
2 7
3 7
5 3
11 2
20 7
3 9
8 2
9 6
10 9
4 8
9 2
2 5
1 1
3 7
4 1
7 4
19 7
6 2
15 3
22 4
6 2
14 7
18 5
18 5
23 8
11 2
7 6
2 1
1 5
24 6
15 7
11 7
3 2
11 8
4 5
7 9
23 8
22 6
9 3
18 4
10 4
8 6
3 5
3 8
3 6
8 7
10 1
11 3
11 5
