# TileUp -- instancia generada
# N=4 K=4 M=200 semilla=2 valor_max=9
4 4
200
1 2
1 6
2 5
3 4
1 3
4 7
3 9
4 9
3 1
1 6
4 6
4 7
2 9
2 4
2 1
2 6
2 3
3 9
2 8
4 9
3 6
3 8
2 7
4 9
2 8
3 8
3 8
4 6
4 8
2 6
2 5
4 5
3 9
4 5
2 8
3 2
3 1
2 2
1 1
3 4
1 9
2 5
2 4
1 7
1 1
3 6
2 4
1 2
1 2
1 1
1 6
3 3
2 3
1 7
1 4
2 1
1 6
1 5
3 8
1 5
4 9
1 5
4 3
4 4
1 6
1 1
4 3
4 8
3 3
3 5
3 7
1 9
2 1
3 1
2 3
2 2
4 4
1 4
2 8
1 5
1 4
3 5
4 5
1 3
1 7
4 3
1 9
1 4
1 2
1 3
2 2
2 1
4 8
3 9
4 4
2 7
4 9
1 1
4 9
2 2
4 6
1 9
1 6
3 6
3 1
4 2
1 5
2 1
4 1
4 8
4 4
1 1
3 1
3 5
1 4
4 4
1 6
4 8
2 6
4 2
3 2
1 2
3 7
2 2
1 8
1 8
3 6
4 3
3 5
4 9
4 7
4 5
4 4
2 8
3 9
4 2
1 2
3 3
2 7
1 2
1 3
3 7
2 6
4 3
3 2
2 9
4 2
3 9
2 9
3 3
2 8
2 7
3 3
4 8
1 7
2 7
1 8
3 7
3 7
4 6
3 2
2 9
2 7
4 1
3 8
4 3
1 1
4 4
4 4
1 7
2 5
2 8
2 1
4 8
3 9
2 8
2 2
3 1
4 9
1 8
3 8
3 9
4 1
1 6
2 7
3 3
1 3
4 7
4 5
2 1
3 9
4 1
3 1
4 8
2 5
4 3
4 9
3 2
3 6
3 6
