# TileUp -- instancia generada
# N=6 K=24 M=200 semilla=3 valor_max=9
6 24
200
8 9
5 6
20 8
21 2
20 1
16 5
18 4
7 8
18 9
16 7
21 3
8 3
17 7
24 1
22 2
6 1
10 1
9 8
20 7
23 7
13 8
5 6
4 1
5 8
7 5
22 7
21 5
14 9
13 6
18 7
19 4
11 1
9 3
23 6
18 2
23 4
21 5
10 2
3 8
21 8
3 6
3 7
5 1
10 7
14 2
2 1
13 6
18 5
17 4
2 5
1 2
4 9
2 4
14 5
20 5
5 1
11 6
12 3
13 7
15 9
13 9
4 9
9 7
21 4
10 7
9 9
10 9
11 1
14 6
1 7
20 3
2 6
15 6
22 6
20 5
24 8
1 1
22 1
12 5
21 8
10 6
6 6
6 6
12 5
10 7
4 1
19 3
10 9
8 5
8 6
6 7
21 2
4 6
11 4
15 3
3 6
24 4
19 8
9 4
4 1
17 4
11 3
9 6
21 2
20 6
19 3
14 5
17 5
15 6
21 7
10 7
19 7
2 7
5 4
1 8
20 9
14 9
23 4
2 8
22 9
10 9
11 4
3 5
4 4
2 1
23 9
7 7
19 1
1 8
24 2
6 9
10 4
22 1
17 9
14 1
20 2
11 3
9 9
16 1
12 4
7 2
18 2
6 4
9 3
1 8
21 7
2 5
8 5
20 9
17 7
2 8
11 1
2 3
2 2
2 2
16 1
23 2
17 9
16 6
6 6
3 6
13 7
19 5
12 5
7 6
14 2
5 9
1 7
3 3
2 6
15 9
13 1
20 7
2 6
21 8
23 6
14 7
15 1
8 4
18 5
23 2
14 4
14 3
1 6
12 9
9 2
15 2
24 9
13 2
24 6
19 9
4 1
16 3
8 7
2 9
3 2
22 7
6 1
11 2
1 2
