# TileUp -- instancia generada
# N=6 K=24 M=200 semilla=2 valor_max=9
6 24
200
2 2
3 6
6 5
9 4
20 1
19 3
14 7
24 9
12 9
15 9
9 1
1 6
15 6
13 7
17 3
18 3
8 4
1 3
11 3
5 9
17 6
17 9
6 8
14 9
12 6
12 8
6 7
23 8
21 9
8 8
9 8
17 9
12 8
15 6
19 9
24 8
16 4
11 3
20 5
16 5
10 9
18 9
17 7
10 4
16 9
12 2
11 1
7 2
2 1
9 4
22 2
17 3
9 4
7 1
14 1
2 6
12 3
8 1
3 2
3 1
2 1
12 5
5 3
24 3
17 1
13 1
8 3
2 1
12 2
10 6
16 1
10 8
18 1
9 7
20 3
16 4
3 6
4 1
15 3
17 7
16 9
11 3
11 5
9 7
21 1
23 9
5 1
9 1
5 3
6 2
15 4
17 1
8 4
23 8
3 5
3 4
20 6
9 7
9 9
1 3
2 7
14 3
4 9
24 2
8 2
4 1
6 4
4 4
1 9
22 8
15 5
18 7
7 4
24 7
14 9
1 1
14 9
19 3
4 8
12 1
17 2
20 6
10 6
10 1
22 7
4 2
10 4
22 1
15 1
14 8
15 4
19 2
1 5
1 6
10 2
8 8
7 2
19 6
13 8
5 6
13 2
9 2
4 2
20 6
21 7
7 2
1 8
2 8
10 6
15 3
12 5
16 9
16 7
16 5
13 4
6 8
20 5
18 7
23 2
19 2
3 6
6 9
5 7
3 2
22 1
5 5
13 4
23 6
15 3
17 5
4 3
18 7
4 6
17 4
23 9
9 3
6 8
23 4
13 6
19 3
15 8
24 1
20 7
24 3
13 9
2 8
9 7
9 7
23 8
12 9
11 2
24 4
18 4
13 7
21 1
11 8
17 8
21 3
4 1
13 4
