# TileUp -- instancia generada
# N=4 K=12 M=200 semilla=3 valor_max=9
4 12
200
4 9
3 6
10 8
11 2
10 1
8 5
9 4
4 8
9 9
8 7
11 3
4 3
9 7
12 1
11 2
3 1
5 1
5 8
10 7
12 7
7 8
3 6
2 1
3 8
4 5
11 7
11 5
7 9
7 6
9 7
10 4
6 1
5 3
12 6
9 2
12 4
11 5
5 2
2 8
11 8
2 6
2 7
3 1
5 7
7 2
1 1
7 6
9 5
9 4
1 5
1 2
2 9
1 4
7 5
10 5
3 1
6 6
6 3
7 7
8 9
7 9
2 9
5 7
11 4
5 7
5 9
5 9
6 1
7 6
1 7
10 3
1 6
8 6
11 6
10 5
12 8
1 1
11 1
6 5
11 8
5 6
3 6
3 6
6 5
5 7
2 1
10 3
5 9
4 5
4 6
3 7
11 2
2 6
6 4
8 3
2 6
12 4
10 8
5 4
2 1
9 4
6 3
5 6
11 2
10 6
10 3
7 5
9 5
8 6
11 7
5 7
10 7
1 7
3 4
1 8
10 9
7 9
12 4
1 8
11 9
5 9
6 4
2 5
2 4
1 1
12 9
4 7
10 1
1 8
12 2
3 9
5 4
11 1
9 9
7 1
10 2
6 3
5 9
8 1
6 4
4 2
9 2
3 4
5 3
1 8
11 7
1 5
4 5
10 9
9 7
1 8
6 1
1 3
1 2
1 2
8 1
12 2
9 9
8 6
3 6
2 6
7 7
10 5
6 5
4 6
7 2
3 9
1 7
2 3
1 6
8 9
7 1
10 7
1 6
11 8
12 6
7 7
8 1
4 4
9 5
12 2
7 4
7 3
1 6
6 9
5 2
8 2
12 9
7 2
12 6
10 9
2 1
8 3
4 7
1 9
2 2
11 7
3 1
6 2
1 2
