0 2 2
1 1 2
2 2 2
3 0 0
4 0 2
5 0 4
6 1 0
7 1 4
8 0 0
9 0 3
10 0 4
11 1 4
12 1 2
13 0 2
14 1 2
15 0 2
16 1 2
17 0 1
18 0 2
19 0 4
20 0 0
21 1 0
22 1 2
23 1 4
24 0 2
25 0 0
26 1 0
27 0 4
28 1 4
29 1 2
30 2 2
31 2 4
32 0 0
33 1 4
34 1 2
35 0 1
36 0 0
37 2 2
38 0 4
39 0 1
40 0 3
41 1 2
42 2 2
43 0 4
44 0 3
45 0 0
46 1 2
47 0 4
48 0 3
49 0 4
50 0 3
51 0 1
52 2 2
53 0 4
54 0 3
55 1 2
56 0 2
57 0 3
58 0 2
59 1 3
60 0 4
61 2 3
62 1 4
63 0 4
64 2 2
65 2 1
66 1 4
67 0 4
68 0 1
69 0 0
70 0 1
71 2 2
72 0 2
73 0 0
74 1 2
75 0 2
76 1 4
77 2 1
78 1 2
79 2 2
80 2 1
81 0 1
82 0 4
83 2 2
84 2 1
85 0 3
86 2 2
87 2 1
88 2 2
89 2 1
90 2 2
91 1 2
92 0 4
93 0 0
94 0 3
95 2 2
96 0 4
97 2 0
98 0 3
99 1 2
100 0 4
101 2 1
102 2 2
103 0 1
104 0 0
105 0 3
106 2 1
107 2 2
108 0 4
109 0 3
110 0 4
111 2 0
112 0 1
113 0 0
114 3 0
115 0 3
116 4 0
117 0 4
118 1 2
119 0 3
120 0 1
121 3 0
122 0 0
123 2 2
124 4 0
125 3 0
126 0 1
127 0 4
128 0 0
129 0 3
130 0 4
131 0 3
132 0 4
133 1 2
134 0 1
135 0 3
136 4 0
137 0 0
138 2 2
139 3 0
140 3 1
141 0 1
142 2 1
143 0 4
144 0 0
145 2 2
146 0 3
147 0 1
148 1 2
149 0 0
150 2 2
151 1 2
152 0 1
153 0 4
154 2 1
155 2 2
156 2 0
157 0 0
158 0 1
159 0 3
160 0 0
161 1 2
162 2 2
163 0 4
164 0 1
165 0 3
166 1 0
167 0 4
168 0 3
169 2 0
170 1 2
171 2 2
172 1 2
173 0 4
174 0 0
175 2 2
176 1 2
177 0 1
178 0 3
179 2 1
180 0 0
181 0 1
182 0 4
183 2 2
184 0 2
185 0 0
186 2 1
187 1 4
188 0 4
189 1 2
190 0 1
191 0 3
192 0 0
193 0 4
194 2 2
195 0 3
196 1 3
197 0 1
198 1 1
199 1 2
# colocadas=200 ocupadas=4 mayor=287
