0 0 0
1 0 1
2 0 2
3 0 3
4 0 4
5 0 5
6 0 4
7 1 0
8 1 1
9 1 2
10 1 3
11 0 3
12 2 2
13 1 4
14 0 4
15 1 2
16 1 5
17 2 0
18 2 1
19 1 1
20 2 3
21 2 4
22 2 3
23 2 5
24 3 1
25 2 1
26 3 3
27 2 3
28 3 0
29 3 1
30 3 2
31 3 4
32 2 4
33 3 5
34 4 0
35 4 1
36 4 5
37 3 5
38 5 0
39 4 4
40 4 2
41 3 2
42 4 0
43 4 3
44 5 4
45 4 5
46 4 4
47 4 2
48 4 5
49 5 3
50 5 1
51 3 5
52 5 2
53 4 3
54 5 3
55 5 5
56 3 4
57 4 2
58 4 4
59 4 3
60 4 5
61 4 4
62 3 4
63 3 3
64 2 3
65 2 4
66 2 5
67 5 5
68 4 5
69 1 4
70 4 4
71 1 5
72 1 3
73 1 4
74 1 5
75 5 4
76 4 4
77 4 3
78 1 2
79 0 5
80 2 2
81 4 4
82 4 5
83 0 4
84 1 4
85 2 3
86 1 2
87 3 3
88 0 2
89 4 4
90 1 2
91 2 2
92 3 2
93 1 1
94 4 2
95 4 3
96 3 1
97 3 4
98 3 3
99 1 0
100 2 0
101 3 4
102 0 0
103 2 4
104 4 2
105 1 0
106 0 1
107 0 0
108 1 0
109 2 0
110 0 2
111 1 2
112 3 2
113 2 3
114 2 4
115 1 3
116 3 4
117 3 0
118 4 2
119 2 2
120 2 1
121 3 1
122 0 3
123 0 4
124 2 4
125 4 3
126 4 2
127 1 4
128 0 3
129 2 4
130 0 2
131 3 0
132 0 3
133 1 3
134 0 3
135 3 1
136 3 2
137 3 1
138 5 2
139 3 4
140 5 3
141 0 4
142 4 4
143 3 0
144 5 2
145 3 1
146 0 3
147 1 3
148 4 3
149 0 3
150 3 2
151 0 2
152 0 3
153 0 2
154 0 3
155 3 3
156 5 1
157 2 2
158 1 2
159 5 0
160 3 4
161 1 1
162 0 1
163 4 4
164 4 2
165 1 1
166 5 2
167 5 1
168 0 1
169 2 1
170 3 4
171 2 2
172 4 4
173 2 1
174 2 2
175 5 3
176 1 2
177 4 1
178 0 2
179 5 1
180 1 1
181 2 3
182 5 0
183 2 2
184 0 1
185 0 3
186 4 3
187 5 3
188 2 3
189 2 2
190 3 2
191 1 3
192 2 2
193 0 2
194 4 3
195 4 2
196 2 3
197 2 1
198 0 1
199 3 4
# colocadas=200 ocupadas=30 mayor=76
