0 0 0
1 0 1
2 0 0
3 0 2
4 1 1
5 0 1
6 0 3
7 0 2
8 1 3
9 0 1
10 0 3
11 0 2
12 1 0
13 0 0
14 1 0
15 0 0
16 1 0
17 0 3
18 0 0
19 1 2
20 0 2
21 0 3
22 1 0
23 0 2
24 0 0
25 1 3
26 0 3
27 1 2
28 0 2
29 1 0
30 0 0
31 1 2
32 0 2
33 1 1
34 1 0
35 0 3
36 0 2
37 0 0
38 0 3
39 1 2
40 0 2
41 0 1
42 0 0
43 0 1
44 0 2
45 1 3
46 0 1
47 0 3
48 0 2
49 0 3
50 0 2
51 0 3
52 0 0
53 0 1
54 0 2
55 0 1
56 1 2
57 0 2
58 1 3
59 0 3
60 1 0
61 0 2
62 0 0
63 1 0
64 0 3
65 0 2
66 0 0
67 1 0
68 0 3
69 1 3
70 0 3
71 1 2
72 0 0
73 0 2
74 0 1
75 0 0
76 1 1
77 1 3
78 0 1
79 0 3
80 1 3
81 0 3
82 1 0
83 1 2
84 0 2
85 0 0
86 1 2
87 0 2
88 1 2
89 0 2
90 1 1
91 0 1
92 1 0
93 1 3
94 0 0
95 1 1
96 0 1
97 0 3
98 0 0
99 0 1
100 1 0
101 0 2
102 0 3
103 1 2
104 0 2
105 0 0
106 1 3
107 1 1
108 0 1
109 0 0
110 0 1
111 0 3
112 1 2
113 0 2
114 1 3
115 0 0
116 0 3
117 0 1
118 1 0
119 0 0
120 0 1
121 0 2
122 1 1
123 2 0
124 0 1
125 0 2
126 0 1
127 1 0
128 0 0
129 1 1
130 0 1
131 1 1
132 0 1
133 2 1
134 1 0
135 0 0
136 0 1
137 1 1
138 2 0
139 0 2
140 0 1
141 1 2
142 2 1
143 1 0
144 0 2
145 1 1
146 0 0
147 0 3
148 1 0
149 0 2
150 1 1
151 1 2
152 0 3
153 1 0
154 0 0
155 0 2
156 0 1
157 1 3
158 0 3
159 0 0
160 1 3
161 0 3
162 0 2
163 1 0
164 0 3
165 0 0
166 1 1
167 0 1
168 0 0
169 0 1
170 1 2
171 0 2
172 1 2
173 1 0
174 0 2
175 1 1
176 1 2
177 0 3
178 0 0
179 0 2
180 1 3
181 0 3
182 1 0
183 0 1
184 0 2
185 1 3
186 0 0
187 1 1
188 0 1
189 0 3
190 1 2
191 0 2
192 1 1
193 0 1
194 1 3
195 0 2
196 0 1
197 1 0
198 1 1
199 1 0
# colocadas=200 ocupadas=4 mayor=287
