0 0 0
1 0 1
2 0 2
3 0 3
4 1 0
5 0 2
6 0 3
7 0 0
8 0 2
9 0 1
10 0 0
11 0 1
12 0 0
13 1 1
14 0 1
15 1 0
16 0 4
17 0 0
18 1 0
19 0 3
20 0 0
21 0 1
22 1 2
23 0 2
24 0 4
25 0 0
26 0 3
27 1 4
28 0 4
29 1 4
30 1 0
31 0 2
32 0 4
33 0 0
34 0 3
35 0 4
36 0 3
37 0 1
38 1 1
39 1 0
40 1 1
41 1 0
42 0 2
43 0 4
44 0 1
45 0 0
46 1 0
47 0 0
48 0 1
49 1 1
50 0 3
51 0 2
52 0 1
53 0 2
54 0 1
55 1 0
56 0 0
57 1 2
58 0 2
59 0 1
60 0 2
61 0 1
62 0 0
63 1 1
64 1 0
65 0 0
66 0 1
67 1 2
68 1 1
69 0 4
70 0 0
71 0 3
72 0 4
73 1 0
74 1 1
75 0 3
76 1 0
77 0 0
78 1 3
79 0 3
80 1 4
81 0 4
82 1 3
83 0 3
84 1 0
85 0 2
86 0 3
87 1 2
88 0 2
89 1 1
90 0 4
91 1 0
92 0 3
93 0 2
94 0 3
95 1 2
96 0 2
97 0 1
98 1 3
99 0 3
100 1 3
101 0 3
102 0 0
103 1 0
104 1 4
105 0 0
106 1 0
107 0 4
108 1 1
109 0 0
110 1 3
111 0 3
112 0 1
113 0 2
114 0 3
115 0 2
116 1 0
117 0 0
118 1 0
119 0 0
120 0 1
121 0 2
122 0 1
123 0 0
124 0 1
125 0 3
126 0 0
127 1 2
128 0 2
129 1 0
130 0 0
131 1 1
132 0 1
133 1 0
134 0 0
135 1 0
136 0 0
137 0 3
138 0 2
139 1 0
140 0 4
141 0 3
142 1 2
143 0 0
144 0 1
145 0 0
146 0 2
147 1 1
148 0 1
149 1 0
150 1 1
151 1 2
152 0 0
153 1 1
154 2 0
155 0 1
156 1 0
157 0 3
158 0 2
159 1 1
160 1 0
161 1 1
162 2 0
163 0 1
164 1 0
165 0 3
166 2 1
167 1 1
168 0 0
169 0 2
170 0 3
171 1 0
172 0 0
173 1 0
174 1 2
175 0 0
176 0 2
177 1 1
178 0 1
179 0 2
180 0 1
181 2 0
182 1 1
183 0 1
184 1 0
185 0 2
186 0 1
187 0 3
188 0 2
189 1 1
190 1 0
191 0 0
192 2 0
193 1 0
194 2 0
195 0 1
196 1 0
197 2 0
198 1 0
199 0 2
# colocadas=200 ocupadas=4 mayor=275
