0 1 1
1 0 0
2 0 4
3 0 3
4 3 1
5 1 3
6 0 4
7 4 0
8 3 3
9 0 1
10 3 0
11 4 4
12 0 0
13 4 0
14 1 0
15 4 1
16 0 3
17 0 4
18 1 2
19 1 4
20 3 4
21 4 0
22 2 2
23 0 0
24 0 4
25 1 2
26 4 2
27 4 3
28 0 2
29 4 1
30 1 1
31 2 0
32 1 4
33 3 0
34 2 3
35 4 4
36 0 3
37 2 4
38 4 3
39 3 2
40 4 0
41 4 2
42 0 4
43 3 4
44 4 4
45 2 4
46 0 1
47 4 1
48 0 2
49 2 1
50 2 2
51 1 4
52 0 4
53 3 3
54 3 4
55 3 1
56 4 0
57 0 3
58 1 2
59 0 4
60 0 2
61 2 4
62 3 0
63 2 1
64 0 3
65 3 4
66 3 3
67 1 4
68 4 0
69 3 4
70 2 0
71 0 4
72 4 1
73 0 2
74 2 1
75 4 2
76 2 4
77 0 1
78 0 2
79 3 0
80 3 4
81 4 1
82 1 1
83 1 4
84 2 2
85 3 2
86 2 3
87 2 2
88 4 0
89 0 1
90 2 4
91 2 1
92 4 1
93 4 3
94 2 0
95 1 0
96 0 0
97 1 2
98 4 4
99 2 1
100 4 2
101 0 4
102 4 3
103 2 2
104 1 4
105 0 4
106 3 3
107 1 0
108 0 2
109 0 0
110 4 2
111 1 1
112 3 4
113 0 3
114 0 1
115 1 3
116 4 0
117 3 0
118 0 2
119 0 1
120 1 0
121 4 1
122 4 0
123 3 0
124 2 1
125 4 3
126 1 2
127 2 0
128 1 4
129 2 2
130 1 2
131 0 4
132 1 4
133 0 0
134 3 3
135 0 4
136 2 4
137 2 1
138 1 0
139 4 4
140 4 0
141 0 2
142 0 3
143 3 2
144 3 1
145 4 2
146 3 4
147 3 0
148 0 0
149 1 2
150 4 0
151 1 1
152 3 0
153 1 3
154 2 4
155 4 1
156 4 0
157 0 1
158 4 3
159 4 2
160 3 0
161 3 2
162 1 0
163 0 0
164 4 0
165 3 0
166 1 1
167 4 2
168 1 2
169 2 0
170 2 3
171 0 2
172 1 4
173 0 4
174 0 3
175 4 3
176 3 4
177 0 1
178 1 0
179 1 1
180 4 4
181 1 0
182 2 4
183 4 0
184 3 4
185 4 1
186 0 0
187 4 3
188 1 3
189 3 3
190 0 4
191 2 3
192 0 1
193 4 0
194 4 1
195 3 1
196 0 0
197 2 2
198 4 4
199 3 4
# colocadas=200 ocupadas=12 mayor=114
