0 2 2
1 3 3
2 1 3
3 2 3
4 3 2
5 3 1
6 3 2
7 1 1
8 1 2
9 0 3
10 2 4
11 2 3
12 0 4
13 2 2
14 3 2
15 4 2
16 4 4
17 2 0
18 0 2
19 1 2
20 3 2
21 4 2
22 1 3
23 1 2
24 0 3
25 0 2
26 1 4
27 2 1
28 4 1
29 3 4
30 2 5
31 3 2
32 0 3
33 0 5
34 3 0
35 1 1
36 0 4
37 1 3
38 3 1
39 0 5
40 2 4
41 4 2
42 3 2
43 2 5
44 0 4
45 0 3
46 1 3
47 2 4
48 2 2
49 3 5
50 4 0
51 4 2
52 3 4
53 2 3
54 0 2
55 2 1
56 1 2
57 2 2
58 3 2
59 3 3
60 2 0
61 1 3
62 2 4
63 1 2
64 3 2
65 0 1
66 2 1
67 1 0
68 2 3
69 3 5
70 1 4
71 3 4
72 2 2
73 3 5
74 4 1
75 1 3
76 3 4
77 4 4
78 1 4
79 3 2
80 1 3
81 2 2
82 2 3
83 3 4
84 3 0
85 2 2
86 1 4
87 3 3
88 0 4
89 1 4
90 0 3
91 4 2
92 1 1
93 3 2
94 4 3
95 5 3
96 3 1
97 4 3
98 4 4
99 2 0
100 2 1
101 0 2
102 4 3
103 2 2
104 1 2
105 3 3
106 2 4
107 4 3
108 2 0
109 4 0
110 1 3
111 3 2
112 1 1
113 2 1
114 1 2
115 3 0
116 2 2
117 4 1
118 4 2
119 3 3
120 3 1
121 5 1
122 4 3
123 5 3
124 4 1
125 4 3
126 5 2
127 4 2
128 2 3
129 3 2
130 1 3
131 5 0
132 4 0
133 3 0
134 5 3
135 1 2
136 1 1
137 4 0
138 2 2
139 1 4
140 2 3
141 5 2
142 4 4
143 4 1
144 4 3
145 1 2
146 4 0
147 3 0
148 4 2
149 0 3
150 3 4
151 1 3
152 0 3
153 1 3
154 3 3
155 2 4
156 4 0
157 3 2
158 2 2
159 4 1
160 4 5
161 2 3
162 2 4
163 4 4
164 5 3
165 1 4
166 2 3
167 2 1
168 0 3
169 2 2
170 4 3
171 3 2
172 4 4
173 3 3
174 2 2
175 3 2
176 2 4
177 2 1
178 2 2
179 3 1
180 1 3
181 2 0
182 4 1
183 2 1
184 2 3
185 2 0
186 3 1
187 3 2
188 3 1
189 3 5
190 3 4
191 2 1
192 4 3
193 3 3
194 5 4
195 3 5
196 5 3
197 5 5
198 4 3
199 2 3
# colocadas=200 ocupadas=12 mayor=117
