0 0 0
1 0 1
2 0 2
3 0 3
4 1 2
5 0 2
6 0 4
7 1 0
8 0 5
9 0 0
10 0 4
11 1 1
12 1 5
13 0 3
14 0 5
15 0 4
16 1 0
17 2 0
18 1 3
19 1 0
20 1 2
21 1 4
22 0 4
23 2 4
24 2 1
25 1 1
26 1 4
27 2 2
28 1 2
29 2 5
30 2 3
31 1 3
32 3 0
33 2 0
34 1 5
35 1 0
36 2 0
37 3 1
38 2 2
39 3 0
40 3 2
41 2 2
42 2 5
43 3 2
44 2 0
45 2 4
46 3 1
47 3 3
48 4 3
49 3 4
50 2 4
51 3 3
52 3 4
53 4 1
54 2 4
55 3 5
56 2 3
57 1 3
58 3 1
59 2 5
60 4 1
61 2 3
62 2 2
63 3 1
64 3 2
65 2 2
66 3 2
67 3 0
68 2 2
69 4 4
70 3 4
71 4 5
72 1 2
73 2 4
74 3 3
75 0 2
76 4 4
77 1 4
78 4 0
79 3 0
80 3 1
81 3 4
82 2 4
83 0 3
84 3 2
85 1 3
86 2 3
87 3 3
88 3 1
89 2 1
90 3 4
91 2 4
92 1 4
93 0 4
94 3 5
95 1 3
96 0 3
97 0 2
98 3 2
99 1 4
100 2 5
101 5 0
102 3 1
103 1 5
104 1 3
105 2 3
106 3 2
107 3 3
108 1 3
109 4 0
110 3 0
111 1 2
112 4 3
113 0 2
114 4 2
115 2 2
116 3 1
117 0 1
118 3 2
119 1 2
120 2 3
121 0 5
122 0 4
123 1 4
124 4 2
125 1 1
126 0 1
127 3 2
128 4 1
129 0 4
130 0 3
131 2 2
132 0 2
133 2 3
134 1 0
135 3 3
136 5 1
137 1 2
138 4 5
139 5 0
140 2 0
141 3 5
142 4 4
143 2 2
144 4 2
145 2 5
146 3 2
147 2 1
148 3 4
149 2 4
150 3 3
151 1 5
152 2 3
153 3 3
154 2 3
155 1 2
156 0 5
157 0 4
158 5 5
159 4 3
160 1 3
161 3 2
162 4 4
163 1 4
164 2 0
165 3 1
166 4 2
167 3 3
168 2 3
169 3 2
170 1 3
171 2 1
172 3 4
173 3 1
174 1 5
175 1 2
176 1 1
177 1 0
178 0 0
179 2 5
180 0 1
181 2 1
182 1 1
183 2 1
184 2 4
185 3 1
186 1 4
187 1 3
188 1 2
189 1 1
190 3 5
191 3 3
192 4 5
193 3 0
194 2 0
195 2 3
196 0 1
197 0 2
198 3 4
199 2 1
# colocadas=200 ocupadas=23 mayor=122
