0 0 0
1 0 5
2 5 0
3 4 0
4 0 1
5 5 0
6 4 0
7 5 5
8 0 4
9 4 5
10 5 5
11 4 5
12 5 5
13 0 0
14 4 5
15 0 1
16 5 0
17 0 0
18 0 1
19 4 0
20 5 5
21 4 5
22 0 5
23 0 4
24 5 0
25 0 0
26 0 5
27 4 0
28 5 0
29 4 0
30 0 1
31 0 4
32 5 0
33 4 4
34 4 0
35 5 0
36 4 0
37 0 5
38 0 0
39 0 1
40 0 0
41 0 1
42 0 4
43 5 0
44 4 5
45 0 0
46 0 1
47 5 5
48 0 5
49 0 0
50 4 0
51 0 4
52 0 5
53 0 4
54 4 5
55 0 1
56 0 0
57 0 5
58 5 5
59 4 5
60 5 5
61 0 1
62 4 5
63 0 4
64 5 5
65 0 0
66 0 1
67 0 5
68 0 4
69 5 0
70 4 5
71 4 0
72 5 0
73 0 5
74 0 4
75 0 0
76 5 5
77 4 5
78 0 1
79 0 0
80 4 0
81 0 1
82 4 1
83 5 5
84 0 5
85 4 5
86 0 0
87 5 5
88 4 5
89 0 4
90 0 1
91 1 4
92 5 5
93 4 5
94 4 0
95 5 5
96 0 0
97 4 5
98 5 0
99 4 0
100 5 0
101 4 0
102 0 4
103 0 5
104 0 1
105 0 4
106 0 5
107 0 0
108 5 5
109 0 4
110 4 1
111 0 1
112 4 5
113 0 0
114 0 1
115 0 0
116 0 5
117 0 4
118 0 5
119 5 5
120 0 1
121 0 0
122 4 5
123 5 5
124 4 5
125 0 1
126 0 4
127 3 1
128 0 0
129 0 5
130 0 4
131 5 5
132 1 4
133 4 5
134 5 5
135 4 5
136 5 5
137 0 1
138 3 0
139 4 5
140 0 0
141 0 1
142 4 0
143 0 4
144 0 5
145 0 4
146 1 1
147 5 5
148 4 5
149 0 5
150 5 0
151 4 0
152 4 4
153 5 0
154 0 4
155 4 0
156 0 5
157 0 1
158 0 0
159 0 4
160 0 5
161 5 0
162 0 4
163 4 0
164 4 5
165 0 1
166 0 5
167 0 4
168 5 5
169 0 0
170 0 1
171 4 5
172 5 5
173 4 5
174 0 5
175 4 1
176 0 0
177 0 4
178 0 1
179 0 0
180 0 5
181 5 5
182 0 4
183 0 1
184 4 5
185 0 0
186 0 5
187 0 1
188 0 0
189 5 5
190 4 0
191 0 4
192 5 0
193 4 0
194 5 0
195 0 1
196 4 0
197 4 1
198 4 5
199 1 1
# colocadas=200 ocupadas=4 mayor=275
