0 0 0
1 0 1
2 0 5
3 5 0
4 0 0
5 5 5
6 4 0
7 4 5
8 5 0
9 0 1
10 5 5
11 4 5
12 0 4
13 0 5
14 0 4
15 0 5
16 0 4
17 4 0
18 0 5
19 5 5
20 5 0
21 4 0
22 0 4
23 4 5
24 0 5
25 5 0
26 4 0
27 5 5
28 4 5
29 0 4
30 0 5
31 5 5
32 5 0
33 4 5
34 0 4
35 4 0
36 5 0
37 0 5
38 0 0
39 4 0
40 0 1
41 0 4
42 0 5
43 0 0
44 0 1
45 5 0
46 0 4
47 0 0
48 0 1
49 0 0
50 0 1
51 4 0
52 0 5
53 0 0
54 0 1
55 0 4
56 0 0
57 0 1
58 5 0
59 0 0
60 5 5
61 0 1
62 4 5
63 5 5
64 0 0
65 0 1
66 4 5
67 5 5
68 4 0
69 5 0
70 4 0
71 0 0
72 0 5
73 5 0
74 0 4
75 0 5
76 4 5
77 0 1
78 0 4
79 0 0
80 0 1
81 4 0
82 5 5
83 0 0
84 0 1
85 4 5
86 0 0
87 0 1
88 0 0
89 0 1
90 0 5
91 0 4
92 5 5
93 5 0
94 4 5
95 0 5
96 5 5
97 0 0
98 4 5
99 0 4
100 5 5
101 0 1
102 0 0
103 4 0
104 5 0
105 4 5
106 0 1
107 1 4
108 5 5
109 4 5
110 5 5
111 0 0
112 4 0
113 5 0
114 0 1
115 4 5
116 0 0
117 5 5
118 0 4
119 4 5
120 4 0
121 0 1
122 5 0
123 0 5
124 0 0
125 0 1
126 4 0
127 5 5
128 5 0
129 4 5
130 5 5
131 4 5
132 5 5
133 0 4
134 4 0
135 4 5
136 0 0
137 5 0
138 0 5
139 0 1
140 1 1
141 4 0
142 0 4
143 5 5
144 5 0
145 0 5
146 4 5
147 4 0
148 0 4
149 5 0
150 0 5
151 0 4
152 4 0
153 5 5
154 0 1
155 0 5
156 0 0
157 5 0
158 4 0
159 4 5
160 5 0
161 0 4
162 0 5
163 5 5
164 4 0
165 4 5
166 0 1
167 5 5
168 4 5
169 0 0
170 0 4
171 0 5
172 0 4
173 5 5
174 5 0
175 0 5
176 0 4
177 4 0
178 4 5
179 0 1
180 5 0
181 4 0
182 5 5
183 0 0
184 0 5
185 5 0
186 0 1
187 4 5
188 5 5
189 0 4
190 4 0
191 4 5
192 5 0
193 5 5
194 1 4
195 4 5
196 4 4
197 4 0
198 5 0
199 4 0
# colocadas=200 ocupadas=4 mayor=287
