0 0 0
1 0 1
2 0 0
3 0 2
4 2 2
5 1 1
6 0 1
7 0 0
8 0 1
9 1 1
10 0 1
11 1 2
12 0 2
13 1 2
14 0 2
15 0 1
16 0 2
17 2 1
18 2 2
19 1 2
20 2 0
21 2 1
22 0 2
23 1 2
24 2 0
25 2 1
26 2 0
27 2 1
28 1 0
29 2 0
30 0 2
31 2 1
32 2 0
33 0 1
34 0 0
35 0 3
36 3 0
37 0 2
38 1 0
39 0 0
40 2 0
41 4 0
42 3 0
43 0 1
44 2 1
45 2 0
46 1 1
47 1 0
48 0 2
49 0 1
50 2 1
51 1 2
52 1 1
53 0 2
54 2 2
55 1 2
56 0 3
57 2 2
58 2 1
59 1 1
60 1 2
61 1 1
62 1 2
63 2 2
64 1 2
65 1 1
66 2 0
67 2 1
68 1 2
69 1 1
70 1 2
71 2 2
72 2 1
73 2 2
74 2 1
75 0 2
76 0 1
77 1 1
78 1 0
79 0 0
80 0 4
81 2 0
82 1 2
83 1 0
84 1 1
85 0 1
86 0 2
87 0 3
88 0 1
89 0 2
90 0 1
91 0 2
92 0 3
93 1 0
94 0 2
95 0 3
96 1 1
97 0 2
98 0 0
99 0 1
100 2 2
101 1 2
102 2 2
103 1 2
104 2 1
105 0 3
106 0 2
107 1 1
108 2 0
109 0 4
110 1 0
111 0 1
112 0 3
113 1 2
114 0 2
115 0 0
116 0 1
117 0 2
118 0 4
119 0 1
120 0 3
121 1 4
122 1 3
123 0 2
124 0 4
125 0 3
126 0 2
127 0 3
128 2 3
129 1 4
130 1 3
131 2 2
132 0 2
133 1 2
134 0 2
135 1 2
136 1 3
137 1 2
138 1 3
139 1 2
140 2 2
141 1 2
142 0 3
143 0 4
144 0 2
145 1 2
146 1 3
147 0 3
148 0 1
149 0 2
150 2 2
151 0 4
152 0 3
153 1 2
154 0 2
155 0 4
156 1 2
157 0 3
158 2 3
159 1 3
160 1 2
161 1 3
162 2 2
163 1 2
164 2 2
165 0 3
166 1 2
167 2 2
168 0 2
169 1 2
170 0 2
171 1 1
172 1 2
173 0 3
174 0 1
175 0 2
176 0 3
177 0 2
178 2 2
179 1 2
180 0 3
181 0 2
182 2 2
183 1 2
184 0 2
185 1 2
186 2 2
187 0 0
188 0 1
189 0 0
190 0 1
191 0 0
192 1 2
193 2 1
194 2 2
195 0 2
196 1 2
197 2 3
198 0 1
199 1 1
# colocadas=200 ocupadas=4 mayor=284
