0 0 0
1 0 1
2 0 0
3 0 2
4 0 3
5 1 1
6 0 1
7 0 0
8 0 1
9 1 1
10 0 1
11 1 2
12 0 2
13 1 2
14 0 0
15 0 1
16 0 0
17 0 2
18 1 3
19 0 1
20 0 3
21 0 2
22 0 0
23 0 1
24 0 3
25 0 2
26 0 3
27 1 2
28 0 2
29 1 3
30 0 0
31 0 3
32 0 4
33 0 1
34 0 3
35 1 0
36 1 4
37 0 0
38 0 2
39 1 1
40 0 1
41 0 4
42 0 3
43 1 0
44 0 0
45 0 2
46 0 1
47 1 2
48 0 0
49 1 0
50 0 3
51 0 0
52 0 2
53 1 1
54 0 1
55 0 0
56 0 1
57 0 4
58 0 3
59 1 0
60 0 0
61 1 0
62 1 4
63 0 4
64 0 0
65 1 0
66 0 2
67 0 3
68 0 0
69 1 0
70 1 4
71 0 2
72 0 3
73 0 2
74 0 3
75 0 4
76 0 0
77 0 2
78 0 3
79 1 0
80 0 0
81 0 2
82 0 3
83 0 1
84 0 2
85 1 1
86 0 1
87 1 0
88 0 0
89 0 1
90 0 0
91 1 1
92 0 1
93 1 2
94 0 2
95 0 1
96 0 2
97 1 1
98 0 1
99 0 0
100 0 4
101 0 3
102 0 4
103 0 1
104 0 3
105 1 0
106 0 2
107 0 1
108 0 4
109 0 0
110 0 3
111 1 2
112 1 0
113 0 0
114 0 2
115 0 4
116 0 1
117 0 2
118 1 1
119 0 3
120 0 1
121 1 0
122 1 1
123 0 2
124 0 3
125 1 2
126 0 2
127 1 2
128 1 0
129 0 2
130 1 1
131 2 0
132 0 1
133 0 0
134 0 1
135 1 0
136 0 0
137 1 0
138 0 0
139 1 0
140 1 1
141 1 0
142 1 1
143 0 1
144 1 1
145 1 0
146 0 3
147 0 0
148 0 1
149 0 2
150 1 1
151 0 1
152 0 0
153 0 1
154 0 2
155 0 1
156 1 0
157 1 2
158 0 2
159 0 0
160 1 0
161 1 1
162 0 0
163 1 0
164 0 0
165 0 3
166 1 0
167 1 2
168 0 0
169 1 0
170 0 2
171 0 0
172 1 3
173 0 1
174 0 3
175 0 2
176 0 1
177 0 2
178 1 2
179 1 1
180 0 1
181 0 2
182 0 1
183 1 2
184 0 2
185 1 1
186 0 1
187 0 4
188 0 3
189 0 4
190 0 3
191 0 4
192 0 3
193 0 2
194 0 1
195 0 2
196 0 3
197 0 2
198 0 1
199 0 0
# colocadas=200 ocupadas=4 mayor=284
