0 0 0
1 0 1
2 0 2
3 0 3
4 0 2
5 0 4
6 0 3
7 0 5
8 1 0
9 1 1
10 1 5
11 0 1
12 0 5
13 1 2
14 1 3
15 2 2
16 1 2
17 1 4
18 2 0
19 2 4
20 1 4
21 2 1
22 3 0
23 2 3
24 2 5
25 1 3
26 2 0
27 2 2
28 2 4
29 3 1
30 2 1
31 3 2
32 3 5
33 3 3
34 4 0
35 1 1
36 2 5
37 2 4
38 1 0
39 3 0
40 4 1
41 2 0
42 3 4
43 1 1
44 3 2
45 3 0
46 2 2
47 3 1
48 1 4
49 0 1
50 0 2
51 3 5
52 1 3
53 0 1
54 0 3
55 2 1
56 3 4
57 1 2
58 0 4
59 4 5
60 1 1
61 1 3
62 1 4
63 0 3
64 1 2
65 0 2
66 0 1
67 3 5
68 1 5
69 3 1
70 0 2
71 4 5
72 3 0
73 0 3
74 1 1
75 2 0
76 4 1
77 2 1
78 2 2
79 3 3
80 3 4
81 3 0
82 1 4
83 3 5
84 2 1
85 1 1
86 3 1
87 2 1
88 2 0
89 0 4
90 4 4
91 0 3
92 3 0
93 2 0
94 0 2
95 2 4
96 2 3
97 1 0
98 4 2
99 3 1
100 2 1
101 3 4
102 1 1
103 0 3
104 2 4
105 3 5
106 2 1
107 1 3
108 0 0
109 2 3
110 4 0
111 3 2
112 1 0
113 1 1
114 1 3
115 2 5
116 1 4
117 1 5
118 1 4
119 1 3
120 1 2
121 3 0
122 2 3
123 2 2
124 0 2
125 2 0
126 3 3
127 0 3
128 0 2
129 2 3
130 2 4
131 0 1
132 3 4
133 0 2
134 2 1
135 1 2
136 1 1
137 3 2
138 0 1
139 2 0
140 3 1
141 1 4
142 2 4
143 3 3
144 2 5
145 4 3
146 1 0
147 3 0
148 0 2
149 0 1
150 3 1
151 1 5
152 3 0
153 0 0
154 1 1
155 2 3
156 3 1
157 0 1
158 0 5
159 0 4
160 3 0
161 4 4
162 0 5
163 1 5
164 3 1
165 3 0
166 0 2
167 2 2
168 0 1
169 3 3
170 3 1
171 0 0
172 4 5
173 2 3
174 2 4
175 1 0
176 2 1
177 0 1
178 0 5
179 1 5
180 1 1
181 2 3
182 2 0
183 4 0
184 3 3
185 3 0
186 0 2
187 1 0
188 2 1
189 0 5
190 3 4
191 0 4
192 0 1
193 3 1
194 3 0
195 3 1
196 0 2
197 0 5
198 3 0
199 2 0
# colocadas=200 ocupadas=20 mayor=114
