0 0 0
1 0 1
2 0 2
3 0 3
4 1 2
5 0 2
6 0 4
7 1 0
8 1 4
9 0 0
10 0 4
11 1 1
12 1 3
13 0 3
14 1 4
15 0 4
16 1 0
17 2 0
18 2 2
19 1 0
20 1 2
21 2 1
22 2 3
23 3 1
24 2 1
25 2 4
26 3 4
27 1 1
28 1 2
29 1 4
30 3 2
31 1 1
32 3 0
33 1 3
34 2 4
35 0 3
36 3 3
37 2 0
38 1 3
39 2 3
40 1 4
41 1 3
42 4 1
43 3 0
44 2 2
45 1 4
46 1 2
47 3 4
48 3 3
49 2 4
50 3 4
51 1 4
52 4 4
53 2 2
54 3 1
55 4 0
56 1 2
57 1 3
58 3 2
59 1 2
60 4 2
61 2 4
62 2 0
63 2 2
64 3 0
65 2 0
66 3 0
67 1 4
68 3 2
69 3 4
70 4 1
71 4 4
72 0 2
73 1 2
74 3 1
75 1 1
76 3 4
77 2 2
78 1 3
79 1 2
80 2 0
81 1 4
82 0 4
83 1 4
84 1 0
85 2 3
86 3 0
87 2 0
88 2 2
89 2 1
90 4 1
91 1 3
92 2 2
93 2 4
94 1 0
95 2 3
96 1 2
97 3 1
98 3 0
99 2 2
100 4 3
101 1 4
102 2 0
103 2 3
104 3 0
105 3 1
106 3 3
107 4 2
108 0 0
109 1 3
110 1 0
111 3 0
112 2 4
113 3 1
114 2 3
115 4 0
116 3 2
117 1 1
118 3 3
119 2 3
120 2 0
121 2 4
122 1 2
123 1 3
124 3 4
125 1 0
126 2 2
127 3 0
128 4 4
129 1 1
130 2 1
131 1 0
132 3 3
133 4 1
134 3 1
135 4 0
136 1 4
137 2 0
138 1 0
139 2 4
140 1 2
141 4 2
142 0 0
143 3 0
144 3 4
145 2 3
146 3 3
147 2 2
148 4 1
149 3 2
150 3 4
151 1 4
152 2 4
153 3 4
154 2 4
155 0 1
156 0 2
157 3 3
158 2 0
159 1 0
160 0 3
161 3 2
162 3 1
163 1 3
164 1 2
165 2 2
166 1 4
167 3 4
168 0 4
169 2 4
170 0 0
171 3 2
172 4 1
173 3 4
174 2 2
175 0 1
176 3 1
177 0 3
178 0 2
179 2 3
180 1 1
181 3 2
182 3 3
183 2 4
184 1 2
185 3 1
186 1 3
187 0 1
188 4 3
189 1 1
190 4 0
191 0 3
192 3 0
193 0 1
194 3 4
195 0 2
196 3 2
197 2 0
198 2 2
199 2 4
# colocadas=200 ocupadas=15 mayor=122
