0 0 0
1 0 5
2 5 0
3 5 5
4 4 0
5 5 0
6 3 0
7 0 1
8 2 0
9 5 1
10 4 5
11 0 0
12 1 0
13 0 1
14 5 5
15 0 4
16 2 0
17 2 1
18 5 0
19 0 2
20 5 2
21 0 5
22 2 5
23 0 4
24 0 1
25 4 5
26 5 5
27 5 3
28 5 2
29 0 0
30 4 0
31 0 5
32 2 0
33 1 2
34 1 0
35 0 2
36 4 5
37 3 0
38 1 5
39 5 5
40 2 5
41 1 5
42 0 3
43 3 1
44 5 3
45 4 5
46 5 4
47 0 0
48 1 0
49 3 5
50 4 5
51 2 5
52 3 5
53 5 3
54 5 0
55 1 3
56 0 4
57 0 3
58 4 3
59 5 2
60 5 3
61 1 5
62 3 0
63 4 5
64 2 0
65 3 0
66 2 0
67 0 4
68 5 4
69 2 5
70 4 0
71 2 4
72 5 3
73 5 5
74 5 0
75 1 2
76 3 4
77 4 5
78 0 5
79 5 5
80 3 0
81 0 3
82 1 3
83 0 4
84 2 0
85 2 5
86 4 0
87 2 1
88 0 0
89 0 1
90 2 3
91 4 5
92 3 5
93 0 5
94 5 2
95 2 5
96 0 2
97 5 0
98 2 2
99 2 4
100 0 0
101 0 4
102 1 2
103 5 5
104 4 0
105 5 0
106 5 3
107 1 0
108 4 2
109 4 5
110 1 1
111 4 0
112 3 5
113 2 2
114 2 5
115 5 0
116 5 2
117 0 3
118 1 5
119 5 5
120 1 2
121 0 5
122 3 4
123 3 5
124 2 5
125 0 4
126 0 0
127 4 0
128 2 4
129 0 3
130 2 3
131 0 2
132 5 4
133 2 0
134 5 3
135 5 0
136 0 4
137 1 2
138 5 2
139 0 5
140 0 1
141 3 0
142 3 3
143 2 2
144 2 5
145 5 5
146 2 4
147 0 0
148 4 0
149 2 0
150 1 4
151 1 5
152 2 4
153 2 3
154 2 4
155 5 1
156 0 2
157 2 1
158 5 0
159 3 2
160 4 5
161 5 4
162 3 0
163 0 5
164 1 0
165 5 3
166 3 3
167 2 3
168 3 5
169 1 3
170 5 1
171 4 3
172 4 0
173 2 3
174 5 4
175 0 3
176 5 3
177 5 0
178 0 0
179 2 0
180 0 2
181 5 2
182 5 3
183 1 3
184 0 4
185 2 1
186 5 1
187 0 3
188 5 2
189 0 2
190 3 0
191 2 5
192 5 0
193 0 1
194 1 2
195 3 5
196 5 3
197 3 4
198 0 3
199 1 1
# colocadas=200 ocupadas=12 mayor=122
