0 0 0
1 0 1
2 0 3
3 3 0
4 0 0
5 3 3
6 2 0
7 2 3
8 3 0
9 0 1
10 3 3
11 2 3
12 0 2
13 0 3
14 0 2
15 0 3
16 0 2
17 2 0
18 0 3
19 3 3
20 3 0
21 2 0
22 0 2
23 2 3
24 0 3
25 3 0
26 2 0
27 3 3
28 2 3
29 0 2
30 0 3
31 3 3
32 3 0
33 2 3
34 1 3
35 2 0
36 3 0
37 0 3
38 0 0
39 2 0
40 0 1
41 1 3
42 0 3
43 0 0
44 0 1
45 3 0
46 1 3
47 0 0
48 0 1
49 0 0
50 0 1
51 2 0
52 0 3
53 0 0
54 0 1
55 0 2
56 0 0
57 0 1
58 3 0
59 0 0
60 3 3
61 0 1
62 2 3
63 3 3
64 0 0
65 1 0
66 2 3
67 3 3
68 3 1
69 3 0
70 3 1
71 0 0
72 0 3
73 3 0
74 0 2
75 0 3
76 2 3
77 0 1
78 0 2
79 0 0
80 1 0
81 3 1
82 3 3
83 0 0
84 1 0
85 2 3
86 0 0
87 1 0
88 0 0
89 1 0
90 0 3
91 0 2
92 3 3
93 3 0
94 2 3
95 0 3
96 3 3
97 0 0
98 2 3
99 0 2
100 3 3
101 1 0
102 0 0
103 2 0
104 3 0
105 2 3
106 1 0
107 1 2
108 3 3
109 2 3
110 3 3
111 0 0
112 2 0
113 3 0
114 0 1
115 2 3
116 0 0
117 3 3
118 1 1
119 2 3
120 2 0
121 0 1
122 3 0
123 1 2
124 0 0
125 0 1
126 2 0
127 3 3
128 3 0
129 2 3
130 3 3
131 2 3
132 3 3
133 2 2
134 2 0
135 2 3
136 0 0
137 3 0
138 1 2
139 0 1
140 0 0
141 2 0
142 1 1
143 3 3
144 3 0
145 1 2
146 2 3
147 2 0
148 1 1
149 3 0
150 1 2
151 1 1
152 2 0
153 3 3
154 0 1
155 1 2
156 0 0
157 3 0
158 2 0
159 2 3
160 3 0
161 1 1
162 1 2
163 3 3
164 2 0
165 2 3
166 0 1
167 3 3
168 2 3
169 0 0
170 1 1
171 1 2
172 1 1
173 3 3
174 3 0
175 1 2
176 1 1
177 2 0
178 2 3
179 0 1
180 3 0
181 2 0
182 3 3
183 0 0
184 1 2
185 3 0
186 0 1
187 2 3
188 3 3
189 1 1
190 2 0
191 2 3
192 3 0
193 3 3
194 1 2
195 2 3
196 2 2
197 2 0
198 2 1
199 1 1
# colocadas=200 ocupadas=4 mayor=287
