0 0 0
1 0 1
2 0 0
3 0 2
4 0 3
5 1 1
6 0 1
7 0 0
8 0 1
9 1 1
10 0 1
11 1 2
12 0 2
13 1 2
14 0 0
15 0 1
16 0 0
17 0 2
18 1 3
19 0 1
20 0 3
21 0 2
22 0 0
23 0 1
24 0 3
25 0 2
26 0 3
27 1 2
28 0 2
29 1 3
30 0 0
31 0 3
32 1 3
33 0 1
34 0 3
35 1 0
36 1 2
37 0 0
38 0 2
39 1 1
40 0 1
41 0 2
42 0 3
43 1 0
44 0 0
45 0 2
46 0 1
47 1 2
48 0 0
49 1 0
50 0 3
51 0 0
52 0 2
53 1 1
54 0 1
55 0 0
56 0 1
57 1 3
58 0 3
59 1 0
60 0 0
61 1 0
62 1 2
63 0 2
64 0 0
65 1 0
66 1 3
67 0 3
68 0 0
69 1 0
70 1 2
71 0 2
72 0 3
73 0 2
74 0 3
75 0 2
76 0 0
77 1 3
78 0 3
79 1 0
80 0 0
81 1 3
82 0 1
83 0 3
84 0 2
85 1 1
86 1 0
87 0 3
88 1 1
89 1 0
90 1 1
91 1 0
92 0 0
93 1 2
94 0 2
95 0 3
96 0 2
97 1 0
98 1 2
99 1 1
100 0 0
101 0 1
102 0 0
103 1 2
104 0 1
105 0 0
106 0 2
107 1 0
108 1 1
109 0 1
110 2 1
111 1 2
112 0 2
113 0 0
114 1 1
115 2 0
116 0 1
117 1 1
118 0 1
119 1 0
120 1 2
121 0 2
122 0 1
123 1 1
124 0 2
125 1 0
126 1 1
127 1 0
128 1 1
129 0 1
130 2 0
131 1 0
132 0 2
133 0 3
134 0 2
135 2 1
136 1 1
137 1 2
138 1 1
139 2 0
140 1 0
141 2 0
142 0 3
143 0 2
144 1 0
145 1 2
146 1 1
147 0 1
148 0 0
149 1 0
150 0 2
151 0 0
152 0 1
153 0 0
154 1 0
155 0 0
156 0 1
157 2 0
158 1 0
159 0 2
160 0 1
161 2 1
162 0 2
163 0 1
164 0 2
165 0 1
166 0 3
167 0 0
168 0 2
169 0 3
170 0 2
171 1 3
172 0 1
173 1 1
174 0 3
175 1 0
176 0 0
177 1 0
178 0 0
179 0 1
180 0 0
181 1 0
182 0 0
183 1 1
184 0 1
185 1 0
186 0 0
187 0 2
188 0 3
189 0 2
190 0 3
191 0 2
192 1 1
193 0 1
194 0 0
195 0 1
196 1 1
197 0 1
198 0 3
199 1 3
# colocadas=200 ocupadas=4 mayor=284
