0 2 2
1 3 3
2 3 4
3 4 3
4 2 4
5 3 4
6 1 4
7 3 1
8 1 3
9 3 5
10 4 2
11 1 2
12 4 4
13 2 2
14 1 1
15 2 0
16 5 3
17 0 4
18 1 4
19 2 4
20 2 5
21 3 4
22 4 0
23 3 3
24 4 1
25 0 1
26 4 3
27 3 1
28 1 5
29 2 3
30 1 1
31 5 1
32 0 3
33 2 5
34 1 3
35 2 4
36 4 2
37 5 4
38 1 0
39 5 2
40 0 0
41 1 0
42 4 3
43 5 5
44 3 2
45 3 4
46 0 5
47 2 3
48 5 4
49 4 4
50 3 1
51 3 0
52 3 4
53 3 3
54 1 5
55 4 2
56 5 0
57 4 3
58 0 4
59 1 4
60 0 5
61 4 0
62 0 2
63 5 3
64 4 5
65 0 3
66 5 5
67 5 1
68 3 2
69 3 0
70 2 5
71 3 3
72 0 4
73 0 2
74 1 5
75 2 1
76 3 1
77 0 1
78 4 4
79 5 2
80 4 5
81 3 0
82 2 0
83 3 4
84 5 5
85 5 0
86 4 4
87 4 5
88 1 3
89 1 2
90 3 0
91 5 3
92 4 0
93 5 2
94 1 4
95 0 0
96 2 0
97 2 1
98 0 2
99 5 0
100 5 5
101 5 1
102 0 3
103 5 2
104 2 5
105 1 1
106 2 2
107 5 4
108 0 4
109 5 3
110 5 5
111 1 0
112 4 3
113 3 2
114 2 1
115 1 5
116 1 3
117 2 5
118 3 3
119 0 2
120 4 5
121 5 2
122 0 1
123 5 1
124 4 3
125 2 4
126 4 0
127 0 0
128 3 1
129 1 0
130 2 0
131 5 5
132 4 1
133 2 1
134 1 4
135 2 5
136 4 2
137 1 3
138 4 5
139 3 5
140 5 0
141 3 3
142 3 0
143 2 3
144 1 3
145 5 2
146 5 3
147 1 1
148 1 5
149 2 0
150 4 3
151 1 2
152 5 3
153 4 3
154 5 3
155 3 4
156 2 5
157 2 1
158 2 4
159 2 0
160 3 0
161 3 4
162 4 3
163 4 4
164 4 0
165 5 0
166 0 3
# colocadas=167 ocupadas=36 mayor=68
