0 0 0
1 0 4
2 4 0
3 3 0
4 0 1
5 4 0
6 3 0
7 4 4
8 0 3
9 3 4
10 4 4
11 3 4
12 4 4
13 0 0
14 3 4
15 0 1
16 4 0
17 0 0
18 0 1
19 3 0
20 4 4
21 3 4
22 0 4
23 0 3
24 4 0
25 0 0
26 0 4
27 3 0
28 4 0
29 3 0
30 0 1
31 0 3
32 4 0
33 4 4
34 3 0
35 4 0
36 3 0
37 0 4
38 0 0
39 0 1
40 0 0
41 0 1
42 0 3
43 4 0
44 3 4
45 0 0
46 0 1
47 4 4
48 0 4
49 0 0
50 3 0
51 0 3
52 0 4
53 0 3
54 3 4
55 0 1
56 0 0
57 0 4
58 4 4
59 3 4
60 4 4
61 0 1
62 3 4
63 0 3
64 4 4
65 0 0
66 0 1
67 0 4
68 0 3
69 4 0
70 3 4
71 3 0
72 4 0
73 0 4
74 0 3
75 0 0
76 4 4
77 3 4
78 0 1
79 0 0
80 3 0
81 0 1
82 4 0
83 4 4
84 0 4
85 3 4
86 0 0
87 4 4
88 3 4
89 0 3
90 0 1
91 0 4
92 4 4
93 3 4
94 3 0
95 4 4
96 0 0
97 3 4
98 4 0
99 3 0
100 4 0
101 3 0
102 0 3
103 0 4
104 0 1
105 0 3
106 0 4
107 0 0
108 4 4
109 0 3
110 4 0
111 0 1
112 3 4
113 0 0
114 0 1
115 0 0
116 0 4
117 0 3
118 0 4
119 4 4
120 0 1
121 0 0
122 3 4
123 4 4
124 3 4
125 0 1
126 0 3
127 3 0
128 0 0
129 0 4
130 0 3
131 4 4
132 0 4
133 3 4
134 4 4
135 3 4
136 4 4
137 0 1
138 4 0
139 3 4
140 0 0
141 0 1
142 3 0
143 0 3
144 0 4
145 0 3
146 0 0
147 4 4
148 3 4
149 0 4
150 4 0
151 3 0
152 4 4
153 4 0
154 0 3
155 3 0
156 0 4
157 0 1
158 0 0
159 0 3
160 0 4
161 4 0
162 0 3
163 3 0
164 3 4
165 0 1
166 0 4
167 0 3
168 4 4
169 0 0
170 0 1
171 3 4
172 4 4
173 3 4
174 0 4
175 4 0
176 0 0
177 0 3
178 0 1
179 0 0
180 0 4
181 4 4
182 0 3
183 0 1
184 3 4
185 0 0
186 0 4
187 0 1
188 0 0
189 4 4
190 3 0
191 0 3
192 4 0
193 3 0
194 4 0
195 0 1
196 3 0
197 4 0
198 3 4
199 0 0
# colocadas=200 ocupadas=4 mayor=275
