0 1 1
1 1 3
2 3 1
3 3 3
4 3 0
5 2 2
6 4 1
7 0 1
8 4 2
9 2 1
10 3 4
11 0 2
12 3 2
13 1 0
14 2 4
15 1 2
16 4 1
17 4 2
18 4 0
19 0 0
20 1 3
21 1 1
22 3 3
23 1 0
24 1 2
25 1 4
26 2 4
27 0 3
28 1 3
29 3 1
30 3 0
31 0 4
32 4 1
33 0 1
34 3 2
35 0 2
36 3 4
37 4 2
38 2 3
39 4 4
40 2 4
41 2 3
42 0 0
43 4 1
44 1 4
45 1 0
46 2 4
47 3 3
48 3 2
49 1 1
50 1 0
51 1 3
52 1 1
53 2 3
54 2 0
55 0 1
56 1 4
57 0 4
58 2 4
59 3 1
60 2 3
61 1 4
62 4 0
63 3 4
64 4 1
65 4 0
66 4 1
67 4 3
68 1 3
69 1 0
70 2 1
71 2 0
72 3 0
73 3 3
74 1 1
75 0 3
76 2 1
77 3 4
78 3 3
79 4 4
80 4 2
81 0 0
82 0 1
83 3 4
84 4 1
85 2 4
86 1 0
87 4 2
88 2 2
89 1 2
90 0 0
91 4 3
92 2 3
93 2 4
94 4 0
95 3 3
96 0 2
97 2 0
98 4 1
99 3 4
100 3 1
101 1 4
102 4 2
103 3 3
104 1 0
105 2 0
106 2 3
107 3 2
108 3 0
109 4 3
110 4 1
111 1 0
112 1 1
113 0 1
114 2 1
115 0 0
116 1 3
117 0 3
118 2 0
119 3 3
120 4 2
121 2 4
122 4 4
123 4 3
124 2 1
125 0 4
126 0 2
127 1 0
128 2 2
129 1 4
130 1 1
131 4 1
132 3 4
133 3 1
134 0 3
135 0 0
136 2 3
137 4 2
138 2 0
139 3 3
140 1 2
141 4 1
142 0 1
143 3 2
144 2 1
145 2 4
146 1 1
147 2 2
148 1 0
149 3 1
150 1 2
151 3 4
152 1 1
153 1 2
154 1 1
155 3 0
156 1 3
157 4 1
158 2 0
159 0 2
160 3 3
161 0 4
162 0 0
163 4 4
164 2 1
165 0 3
166 1 2
167 0 1
168 4 3
169 1 1
170 3 0
171 0 4
172 0 1
173 1 0
174 2 3
175 0 3
176 1 4
177 4 0
178 2 0
179 3 1
180 0 4
181 2 4
182 1 4
183 1 1
184 3 4
185 4 2
186 4 1
187 0 3
188 0 4
189 1 3
190 0 0
191 3 3
192 4 0
193 2 1
194 0 1
195 4 3
196 2 4
197 2 2
198 3 3
199 0 2
# colocadas=200 ocupadas=12 mayor=122
