0 1 1
1 1 4
2 4 1
3 4 4
4 2 2
5 3 3
6 1 3
7 2 4
8 3 1
9 4 2
10 4 5
11 4 4
12 5 2
13 0 2
14 2 0
15 0 4
16 2 5
17 4 3
18 5 4
19 3 4
20 1 0
21 2 0
22 4 0
23 1 2
24 4 1
25 3 1
26 4 1
27 4 0
28 1 3
29 1 5
30 3 5
31 1 0
32 3 0
33 4 2
34 3 2
35 2 3
36 4 5
37 5 3
38 2 1
39 4 4
40 5 1
41 0 3
42 0 0
43 5 0
44 4 5
45 2 0
46 5 4
47 5 2
48 0 1
49 2 5
50 3 1
51 1 0
52 3 5
53 5 3
54 2 2
55 1 1
56 3 0
57 2 5
58 0 4
59 1 4
60 0 1
61 2 0
62 4 4
63 2 4
64 1 1
65 1 2
66 1 5
67 0 0
68 1 0
69 5 1
70 5 5
71 5 0
72 0 2
73 3 4
74 2 0
75 4 5
76 0 4
77 2 5
78 5 2
79 2 1
80 3 5
81 5 5
82 4 5
83 3 3
84 1 4
85 3 0
86 5 4
87 3 4
88 4 4
89 5 1
90 4 2
91 1 1
92 0 5
93 4 0
94 0 3
95 1 3
96 3 0
97 3 3
98 3 4
99 3 3
100 0 1
101 2 1
102 1 5
103 2 3
104 0 4
105 2 5
106 5 2
107 1 5
108 4 3
109 4 1
110 2 4
111 0 3
112 5 4
113 2 2
114 2 0
115 3 3
116 2 1
117 3 1
118 0 5
119 0 0
120 1 0
121 2 0
122 5 1
123 5 0
124 5 1
125 1 5
126 5 3
127 4 1
128 2 5
129 1 1
130 2 4
131 2 1
132 3 2
133 3 3
134 5 1
135 0 5
136 5 5
137 3 1
138 0 2
139 4 3
140 1 2
141 4 4
142 2 5
143 3 0
144 0 4
145 5 4
146 2 3
147 0 2
148 5 0
149 3 2
150 0 1
151 3 4
152 3 5
153 3 4
154 1 5
155 4 2
156 2 0
157 5 1
158 3 0
159 2 1
160 1 4
161 5 2
162 4 2
163 1 3
164 3 1
165 4 1
166 1 4
167 4 0
168 3 3
169 0 0
170 3 5
171 4 2
172 2 5
173 1 0
174 3 0
175 4 3
176 3 5
177 4 0
178 1 5
179 5 5
180 1 4
181 3 2
182 3 0
183 2 2
184 2 0
185 0 0
186 4 4
187 4 3
188 4 4
189 2 4
190 3 2
# colocadas=191 ocupadas=36 mayor=71
