0 0 0
1 0 3
2 3 0
3 2 0
4 0 1
5 3 0
6 2 0
7 3 3
8 1 3
9 3 2
10 3 3
11 3 2
12 3 3
13 0 0
14 3 2
15 0 1
16 3 0
17 0 0
18 0 1
19 2 0
20 3 3
21 3 2
22 0 3
23 1 3
24 3 0
25 0 0
26 0 3
27 2 0
28 3 0
29 2 0
30 0 1
31 1 3
32 3 0
33 2 2
34 2 0
35 3 0
36 2 0
37 0 3
38 0 0
39 0 1
40 0 0
41 0 1
42 1 3
43 3 0
44 3 2
45 0 0
46 0 1
47 3 3
48 0 3
49 0 0
50 2 0
51 0 2
52 0 3
53 0 2
54 2 3
55 1 0
56 0 0
57 0 3
58 3 3
59 2 3
60 3 3
61 0 1
62 2 3
63 0 2
64 3 3
65 0 0
66 0 1
67 0 3
68 1 3
69 3 0
70 3 2
71 2 0
72 3 0
73 0 3
74 1 3
75 0 0
76 3 3
77 3 2
78 0 1
79 0 0
80 2 0
81 0 1
82 2 1
83 3 3
84 0 3
85 2 3
86 0 0
87 3 3
88 2 3
89 0 2
90 1 0
91 1 2
92 3 3
93 2 3
94 3 1
95 3 3
96 0 0
97 2 3
98 3 0
99 2 0
100 3 0
101 2 0
102 0 2
103 0 3
104 0 1
105 0 2
106 0 3
107 0 0
108 3 3
109 0 2
110 2 1
111 1 0
112 2 3
113 0 0
114 1 0
115 0 0
116 0 3
117 0 2
118 0 3
119 3 3
120 0 1
121 0 0
122 2 3
123 3 3
124 2 3
125 0 1
126 0 2
127 2 0
128 0 0
129 0 3
130 0 2
131 3 3
132 1 2
133 2 3
134 3 3
135 2 3
136 3 3
137 0 1
138 3 0
139 2 3
140 0 0
141 0 1
142 2 0
143 0 2
144 0 3
145 0 2
146 1 1
147 3 3
148 2 3
149 0 3
150 3 0
151 2 0
152 2 2
153 3 0
154 0 2
155 2 0
156 0 3
157 0 1
158 0 0
159 0 2
160 0 3
161 3 0
162 0 2
163 2 0
164 2 3
165 0 1
166 0 3
167 0 2
168 3 3
169 0 0
170 0 1
171 2 3
172 3 3
173 2 3
174 0 3
175 2 1
176 0 0
177 0 2
178 1 0
179 0 0
180 0 3
181 3 3
182 0 2
183 1 0
184 2 3
185 0 0
186 0 3
187 0 1
188 0 0
189 3 3
190 2 0
191 0 2
192 3 0
193 2 0
194 3 0
195 0 1
196 2 0
197 2 1
198 2 3
199 0 0
# colocadas=200 ocupadas=4 mayor=275
