0 0 0
1 0 1
2 0 0
3 0 2
4 2 1
5 1 1
6 0 1
7 0 0
8 0 1
9 1 1
10 0 1
11 0 3
12 0 2
13 0 3
14 0 2
15 0 1
16 0 2
17 2 0
18 1 3
19 0 3
20 1 0
21 0 0
22 0 2
23 0 1
24 1 0
25 0 0
26 1 0
27 1 2
28 0 0
29 1 3
30 0 2
31 1 2
32 1 3
33 0 1
34 1 0
35 0 3
36 2 3
37 0 2
38 0 0
39 1 1
40 0 1
41 3 3
42 2 3
43 1 2
44 0 2
45 1 3
46 0 3
47 0 1
48 1 1
49 1 2
50 2 3
51 0 2
52 1 1
53 1 3
54 1 2
55 2 2
56 1 2
57 1 3
58 2 1
59 2 3
60 2 2
61 2 3
62 0 3
63 1 3
64 2 2
65 2 3
66 2 2
67 3 2
68 3 3
69 2 3
70 0 3
71 2 2
72 3 2
73 2 2
74 3 2
75 1 3
76 2 2
77 3 3
78 2 3
79 3 2
80 2 2
81 3 3
82 1 2
83 2 3
84 3 3
85 3 1
86 3 2
87 2 1
88 2 2
89 2 3
90 2 2
91 1 1
92 2 1
93 2 3
94 1 1
95 2 1
96 1 3
97 1 1
98 2 3
99 2 2
100 0 2
101 1 2
102 0 2
103 1 2
104 0 1
105 2 1
106 1 1
107 1 2
108 0 2
109 2 2
110 0 1
111 2 1
112 2 3
113 1 1
114 2 2
115 0 0
116 1 2
117 1 3
118 3 3
119 0 1
120 2 3
121 3 2
122 3 3
123 0 0
124 1 3
125 0 1
126 0 0
127 0 1
128 2 3
129 1 2
130 0 2
131 1 3
132 0 1
133 0 0
134 0 1
135 0 3
136 0 2
137 0 3
138 0 2
139 2 3
140 1 3
141 2 3
142 1 1
143 0 1
144 1 3
145 0 3
146 2 2
147 0 0
148 2 3
149 1 3
150 0 2
151 0 1
152 0 0
153 1 2
154 1 3
155 0 1
156 1 2
157 2 3
158 3 2
159 2 2
160 1 2
161 2 2
162 0 2
163 1 2
164 0 2
165 0 0
166 0 1
167 3 3
168 0 2
169 0 1
170 1 0
171 1 1
172 2 3
173 1 2
174 2 0
175 1 3
176 0 3
177 1 3
178 3 3
179 2 3
180 0 3
181 1 3
182 3 3
183 2 3
184 1 3
185 2 3
186 3 3
187 1 0
188 0 0
189 0 1
190 0 0
191 0 1
192 2 3
193 3 2
194 3 3
195 1 3
196 1 2
197 2 3
198 1 0
199 2 0
# colocadas=200 ocupadas=4 mayor=284
