0 0 0
1 0 1
2 0 2
3 0 3
4 1 0
5 0 2
6 0 3
7 0 0
8 0 2
9 0 1
10 0 0
11 0 1
12 0 0
13 1 1
14 0 1
15 1 0
16 1 3
17 0 0
18 1 0
19 0 3
20 0 0
21 0 1
22 1 2
23 0 2
24 1 3
25 0 0
26 0 3
27 1 2
28 0 2
29 1 2
30 1 0
31 0 2
32 1 1
33 0 0
34 0 1
35 1 1
36 0 1
37 0 3
38 1 1
39 1 0
40 1 1
41 1 0
42 0 2
43 1 1
44 0 1
45 0 0
46 1 0
47 0 0
48 0 1
49 2 0
50 1 0
51 0 2
52 0 1
53 0 2
54 0 1
55 2 1
56 1 1
57 0 3
58 0 0
59 0 1
60 0 0
61 0 1
62 0 2
63 1 3
64 0 3
65 0 2
66 0 1
67 1 2
68 0 2
69 1 1
70 1 0
71 1 2
72 1 1
73 1 2
74 0 2
75 0 0
76 1 3
77 0 3
78 0 1
79 0 0
80 0 1
81 1 1
82 1 2
83 1 3
84 0 3
85 2 0
86 1 0
87 2 1
88 1 1
89 0 2
90 0 0
91 0 3
92 1 0
93 1 1
94 0 2
95 1 2
96 0 1
97 1 1
98 1 2
99 0 2
100 1 2
101 0 2
102 1 3
103 0 3
104 0 0
105 1 3
106 0 3
107 0 1
108 1 0
109 1 3
110 0 3
111 0 0
112 1 1
113 0 1
114 0 0
115 0 1
116 1 2
117 0 2
118 1 2
119 1 0
120 0 0
121 0 1
122 0 0
123 1 0
124 0 0
125 0 2
126 1 1
127 1 3
128 0 1
129 1 0
130 1 1
131 1 0
132 1 2
133 0 0
134 1 0
135 0 0
136 1 0
137 0 0
138 0 3
139 1 1
140 0 1
141 0 0
142 0 2
143 1 3
144 0 3
145 1 3
146 0 1
147 1 0
148 0 0
149 0 3
150 1 2
151 0 2
152 1 0
153 1 2
154 0 2
155 1 1
156 0 3
157 0 0
158 0 1
159 0 2
160 0 3
161 1 2
162 0 2
163 1 1
164 0 0
165 0 3
166 1 2
167 0 2
168 1 0
169 0 0
170 0 1
171 0 0
172 1 0
173 0 0
174 1 2
175 1 0
176 0 2
177 1 1
178 0 1
179 0 2
180 0 1
181 0 3
182 1 1
183 0 1
184 0 2
185 0 3
186 1 2
187 1 1
188 1 3
189 0 1
190 0 0
191 0 2
192 1 0
193 0 0
194 1 0
195 1 2
196 0 0
197 1 0
198 0 0
199 1 1
# colocadas=200 ocupadas=4 mayor=275
