0 0 0
1 0 1
2 0 2
3 0 3
4 1 0
5 0 2
6 0 3
7 0 0
8 0 2
9 0 1
10 0 0
11 0 1
12 0 0
13 1 1
14 0 1
15 1 0
16 0 4
17 0 0
18 1 0
19 0 3
20 0 0
21 0 1
22 1 2
23 0 2
24 0 4
25 0 0
26 0 3
27 0 5
28 0 4
29 0 5
30 1 0
31 0 2
32 0 4
33 0 0
34 0 3
35 0 4
36 0 3
37 0 1
38 1 1
39 1 0
40 1 1
41 1 0
42 0 2
43 0 4
44 0 1
45 0 0
46 1 0
47 0 0
48 0 1
49 1 1
50 0 3
51 0 2
52 0 1
53 0 2
54 0 1
55 1 0
56 0 0
57 1 2
58 0 2
59 0 1
60 0 2
61 0 1
62 0 0
63 1 1
64 1 0
65 0 0
66 0 1
67 1 2
68 1 1
69 0 4
70 0 0
71 0 3
72 0 4
73 1 0
74 1 1
75 0 3
76 1 0
77 0 0
78 1 3
79 0 3
80 0 5
81 0 4
82 1 5
83 0 3
84 1 0
85 0 2
86 0 3
87 1 2
88 0 2
89 1 1
90 0 4
91 1 0
92 0 3
93 0 2
94 0 5
95 0 3
96 0 2
97 0 1
98 1 5
99 0 5
100 1 5
101 0 5
102 0 0
103 1 0
104 1 2
105 0 0
106 1 0
107 0 2
108 0 0
109 1 1
110 1 5
111 0 1
112 0 2
113 0 3
114 0 4
115 0 3
116 1 0
117 1 1
118 1 0
119 1 2
120 0 2
121 0 1
122 0 2
123 0 3
124 0 2
125 1 1
126 2 0
127 0 5
128 0 1
129 1 0
130 1 1
131 0 3
132 1 0
133 0 2
134 0 3
135 0 2
136 0 3
137 0 2
138 0 4
139 0 1
140 1 2
141 0 2
142 0 5
143 0 0
144 1 0
145 0 0
146 1 2
147 0 2
148 0 1
149 1 0
150 0 4
151 0 3
152 0 0
153 0 2
154 1 1
155 0 1
156 1 0
157 0 2
158 0 3
159 1 1
160 1 0
161 0 2
162 1 1
163 0 1
164 1 0
165 0 2
166 1 2
167 1 1
168 0 0
169 0 3
170 0 2
171 1 0
172 0 0
173 1 0
174 1 2
175 0 0
176 0 1
177 0 2
178 1 1
179 0 1
180 0 3
181 1 1
182 0 4
183 0 2
184 0 1
185 0 3
186 0 5
187 0 2
188 0 3
189 0 2
190 0 1
191 0 4
192 0 0
193 0 1
194 0 0
195 1 3
196 0 1
197 0 0
198 0 1
199 0 3
# colocadas=200 ocupadas=4 mayor=275
