0 2 2
1 3 3
2 1 3
3 1 4
4 2 3
5 1 3
6 3 1
7 4 2
8 3 2
9 3 4
10 5 2
11 4 3
12 1 1
13 2 4
14 0 1
15 2 5
16 3 0
17 4 1
18 1 4
19 5 1
20 3 3
21 3 5
22 1 3
23 0 0
24 4 1
25 2 1
26 2 2
27 4 2
28 2 0
29 2 5
30 2 4
31 5 3
32 3 1
33 5 2
34 1 4
35 4 3
36 1 0
37 3 4
38 4 2
39 1 2
40 3 5
41 1 1
42 3 2
43 4 4
44 4 3
45 1 3
46 2 5
47 3 4
48 3 1
49 2 2
50 1 2
51 2 2
52 2 0
53 4 5
54 1 4
55 3 3
56 4 2
57 1 0
58 3 2
59 2 3
60 2 0
61 0 4
62 4 1
63 0 2
64 1 0
65 4 4
66 4 5
67 1 3
68 4 2
69 1 4
70 0 1
71 2 3
72 1 2
73 3 5
74 3 4
75 1 1
76 1 3
77 2 5
78 3 5
79 5 2
80 4 4
81 2 1
82 4 2
83 2 2
84 2 4
85 2 3
86 1 4
87 1 3
88 3 1
89 2 5
90 3 4
91 1 1
92 3 2
93 4 4
94 2 1
95 0 1
96 1 1
97 4 3
98 4 5
99 1 4
100 1 3
101 2 3
102 0 3
103 2 4
104 2 2
105 2 0
106 0 2
107 1 2
108 3 3
109 1 3
110 3 1
111 3 5
112 4 4
113 3 0
114 4 3
115 3 2
116 5 1
117 5 2
118 3 3
119 2 3
120 2 2
121 2 1
122 4 2
123 4 3
124 1 4
125 0 3
126 2 5
127 1 3
128 2 4
129 3 5
130 3 4
131 2 5
132 1 5
133 1 2
134 0 2
135 2 0
136 1 4
137 0 3
138 1 1
139 5 4
140 3 1
141 4 4
142 2 2
143 2 5
144 5 3
145 3 5
146 2 4
147 3 2
148 1 2
149 4 3
150 3 1
151 1 3
152 3 2
153 4 4
154 2 3
155 4 3
156 3 1
157 1 1
158 2 5
159 2 4
160 3 2
161 2 5
162 1 4
163 2 4
164 3 1
165 3 2
166 1 2
167 3 3
168 4 3
169 0 4
170 0 3
171 4 2
172 3 0
173 2 1
174 2 0
175 4 4
176 1 3
177 1 1
178 2 3
179 2 2
180 3 4
181 0 5
182 1 4
183 3 1
184 0 4
185 4 1
186 1 2
187 3 5
188 0 2
189 2 4
190 2 1
191 2 3
192 1 1
193 5 1
194 4 1
195 3 1
196 1 2
197 1 3
198 1 4
199 0 4
# colocadas=200 ocupadas=12 mayor=114
