0 2 2
1 1 1
2 1 3
3 3 1
4 3 3
5 3 4
6 0 2
7 2 0
8 4 2
9 2 3
10 3 2
11 2 1
12 2 2
13 0 3
14 0 2
15 0 1
16 4 0
17 3 1
18 4 3
19 1 4
20 0 2
21 0 1
22 1 3
23 0 2
24 4 2
25 4 3
26 2 3
27 1 0
28 1 4
29 3 0
30 4 2
31 0 0
32 3 3
33 1 2
34 4 4
35 2 0
36 2 2
37 3 4
38 4 3
39 3 2
40 4 1
41 0 1
42 0 0
43 4 2
44 2 2
45 3 3
46 3 4
47 4 0
48 3 2
49 4 1
50 0 4
51 0 1
52 3 1
53 4 1
54 1 2
55 4 2
56 2 4
57 4 0
58 1 0
59 1 1
60 3 2
61 3 4
62 1 3
63 3 0
64 0 0
65 0 2
66 4 1
67 3 3
68 2 4
69 2 1
70 3 2
71 2 2
72 1 0
73 2 1
74 4 4
75 2 2
76 0 1
77 1 1
78 3 2
79 0 0
80 2 2
81 1 4
82 2 4
83 2 0
84 0 3
85 3 1
86 1 4
87 3 0
88 1 3
89 1 4
90 2 1
91 1 0
92 4 2
93 3 2
94 1 2
95 2 2
96 4 3
97 4 0
98 3 0
99 2 3
100 1 3
101 0 1
102 1 2
103 2 2
104 3 2
105 0 2
106 0 4
107 1 2
108 2 3
109 1 3
110 1 1
111 2 0
112 3 1
113 3 2
114 0 2
115 3 3
116 0 1
117 4 4
118 2 2
119 2 3
120 1 0
121 3 4
122 4 0
123 3 0
124 1 2
125 2 1
126 4 0
127 0 2
128 1 2
129 0 0
130 1 3
131 4 4
132 3 4
133 2 4
134 3 0
135 4 1
136 4 2
137 3 4
138 0 1
139 0 3
140 1 1
141 4 0
142 2 2
143 4 4
144 0 1
145 4 1
146 1 4
147 2 4
148 3 0
149 1 2
150 3 3
151 1 3
152 1 2
153 1 3
154 2 1
155 0 2
156 4 3
157 1 1
158 4 2
159 4 4
160 3 2
161 1 2
162 2 2
163 3 1
164 0 2
165 1 2
166 2 0
167 3 2
168 0 3
169 1 0
170 2 1
171 0 0
172 2 2
173 1 0
174 4 2
175 3 1
176 1 3
177 4 3
178 3 0
179 3 4
180 0 4
181 4 2
182 4 4
183 4 3
184 2 0
185 1 4
186 3 0
187 3 1
188 4 2
189 2 3
190 3 3
191 3 2
192 1 1
193 3 0
194 0 3
195 2 3
196 1 2
197 0 2
198 2 1
199 2 0
# colocadas=200 ocupadas=12 mayor=117
