0 0 0
1 0 1
2 0 2
3 0 3
4 0 4
5 1 4
6 0 4
7 1 0
8 1 1
9 1 2
10 1 3
11 0 3
12 2 2
13 1 2
14 2 0
15 2 1
16 2 0
17 2 3
18 2 4
19 3 0
20 3 1
21 2 1
22 3 1
23 3 0
24 3 4
25 2 4
26 3 2
27 3 3
28 4 0
29 4 2
30 4 4
31 3 1
32 3 4
33 2 1
34 2 4
35 4 3
36 2 2
37 3 3
38 1 4
39 2 1
40 3 4
41 4 1
42 3 1
43 2 4
44 2 2
45 3 4
46 4 4
47 2 1
48 3 3
49 2 3
50 4 1
51 3 4
52 2 4
53 2 0
54 4 0
55 1 3
56 2 1
57 3 0
58 1 1
59 0 1
60 2 3
61 1 1
62 0 3
63 2 0
64 2 1
65 0 2
66 3 1
67 1 3
68 1 0
69 2 3
70 1 2
71 2 4
72 2 2
73 2 3
74 2 4
75 2 1
76 1 1
77 0 1
78 1 1
79 1 2
80 2 1
81 1 1
82 1 0
83 2 2
84 1 4
85 3 0
86 3 3
87 2 3
88 3 2
89 2 2
90 2 0
91 3 3
92 3 2
93 3 1
94 1 1
95 2 1
96 3 4
97 2 4
98 2 3
99 0 1
100 0 0
101 0 1
102 1 1
103 3 0
104 3 1
105 2 1
106 0 2
107 1 1
108 0 3
109 2 4
110 2 1
111 1 3
112 3 2
113 3 1
114 1 4
115 0 4
116 3 0
117 2 0
118 1 2
119 1 1
120 0 3
121 1 0
122 1 3
123 2 3
124 4 0
125 4 1
126 1 3
127 2 3
128 2 0
129 2 4
130 2 1
131 2 0
132 1 0
133 0 0
134 1 4
135 4 2
136 3 2
137 1 0
138 2 0
139 4 2
140 3 0
141 1 3
142 1 4
143 2 0
144 1 0
# colocadas=145 ocupadas=25 mayor=94
