0 0 0
1 0 1
2 0 0
3 0 2
4 2 2
5 1 1
6 0 1
7 0 0
8 0 1
9 1 1
10 0 1
11 1 2
12 0 2
13 1 2
14 0 2
15 0 1
16 0 2
17 2 1
18 2 2
19 1 2
20 2 0
21 2 1
22 0 2
23 1 2
24 2 0
25 2 1
26 2 0
27 2 1
28 1 0
29 2 0
30 0 2
31 2 1
32 2 0
33 0 1
34 0 0
35 0 3
36 3 0
37 0 2
38 1 0
39 0 0
40 2 0
41 4 0
42 3 0
43 0 1
44 2 1
45 2 0
46 1 1
47 1 0
48 0 2
49 0 1
50 2 1
51 1 2
52 1 1
53 0 2
54 2 2
55 1 2
56 0 3
57 2 2
58 2 1
59 1 1
60 1 2
61 1 1
62 1 2
63 2 2
64 1 2
65 1 1
66 2 0
67 2 1
68 1 2
69 1 1
70 1 2
71 2 2
72 2 1
73 2 2
74 2 1
75 0 2
76 0 1
77 1 1
78 1 0
79 0 0
80 0 4
81 2 0
82 1 2
83 1 0
84 1 1
85 0 1
86 0 2
87 0 3
88 0 1
89 0 2
90 0 1
91 0 2
92 0 3
93 1 0
94 0 2
95 0 3
96 1 1
97 0 2
98 0 0
99 0 1
100 2 2
101 1 2
102 2 2
103 1 2
104 2 3
105 0 3
106 0 2
107 0 0
108 1 3
109 0 4
110 0 3
111 0 1
112 0 5
113 1 0
114 0 2
115 0 4
116 0 3
117 0 2
118 1 5
119 0 5
120 0 3
121 2 5
122 1 5
123 0 4
124 0 2
125 0 5
126 0 4
127 0 5
128 2 5
129 1 2
130 1 5
131 3 5
132 0 0
133 0 1
134 0 2
135 2 5
136 1 5
137 2 5
138 1 5
139 2 5
140 3 5
141 2 5
142 0 3
143 0 2
144 3 5
145 2 5
146 2 2
147 1 2
148 4 5
149 3 5
150 1 5
151 0 2
152 1 2
153 2 5
154 3 5
155 0 2
156 2 5
157 4 5
158 1 2
159 3 5
160 2 5
161 4 4
162 3 5
163 4 5
164 5 5
165 0 3
166 4 5
167 0 2
168 5 5
169 4 5
170 0 4
171 3 5
172 0 3
173 4 5
174 1 4
175 5 5
176 4 5
177 5 5
178 0 4
179 0 5
180 4 5
181 5 5
182 0 4
183 4 5
184 5 5
185 0 5
186 0 4
187 1 5
188 0 5
189 1 5
190 0 5
191 1 5
192 4 5
193 0 5
194 0 4
195 5 5
196 5 4
197 1 4
198 2 5
199 2 4
# colocadas=200 ocupadas=4 mayor=284
