0 0 0
1 0 1
2 0 2
3 0 3
4 0 2
5 0 4
6 0 3
7 1 0
8 1 1
9 1 2
10 2 0
11 1 0
12 1 3
13 1 4
14 2 3
15 1 3
16 1 4
17 2 1
18 2 2
19 3 1
20 2 1
21 2 4
22 3 2
23 2 2
24 3 0
25 2 3
26 3 1
27 3 3
28 4 3
29 3 4
30 4 4
31 2 4
32 4 0
33 3 0
34 4 2
35 3 2
36 3 3
37 2 0
38 1 0
39 1 1
40 4 3
41 2 1
42 4 1
43 4 0
44 3 1
45 3 2
46 1 1
47 1 2
48 1 3
49 0 1
50 0 2
51 4 2
52 2 3
53 4 1
54 0 1
55 3 3
56 3 4
57 2 4
58 2 3
59 4 3
60 1 3
61 0 3
62 4 0
63 3 0
64 1 4
65 4 2
66 4 1
67 4 2
68 2 4
69 0 4
70 0 3
71 4 3
72 0 2
73 3 4
74 1 3
75 1 2
76 0 2
77 0 1
78 4 4
79 3 4
80 4 2
81 1 1
82 2 4
83 4 1
84 2 3
85 3 3
86 1 3
87 1 2
88 2 1
89 0 2
90 0 1
91 1 3
92 1 1
93 2 1
94 0 3
95 2 3
96 1 3
97 2 3
98 3 1
99 2 2
100 3 2
101 3 3
102 1 2
103 2 1
104 4 3
105 2 4
106 2 2
107 1 2
108 3 3
109 1 3
110 1 2
111 1 1
112 3 2
113 1 4
114 2 3
115 3 1
116 2 4
117 4 1
118 3 3
119 2 3
120 4 0
121 1 3
122 3 4
123 2 4
124 3 0
125 1 2
126 3 4
127 2 2
128 2 1
129 4 4
130 3 4
131 2 0
132 2 1
133 2 0
134 3 3
# colocadas=135 ocupadas=25 mayor=84
