0 1 1
1 1 2
2 2 1
3 3 1
4 1 4
5 2 1
6 2 4
7 3 1
8 4 1
9 1 3
10 1 2
11 2 2
12 2 3
13 3 4
14 3 3
15 4 4
16 4 2
17 0 1
18 0 4
19 4 0
20 2 5
21 4 5
22 0 3
23 2 3
24 3 0
25 0 4
26 4 0
27 5 4
28 4 3
29 3 5
30 5 2
31 0 2
32 0 0
33 1 2
34 2 0
35 5 5
36 4 4
37 1 5
38 4 2
39 3 2
40 4 5
41 4 1
42 0 1
43 2 5
44 5 4
45 1 0
46 5 1
47 3 3
48 0 5
49 4 3
50 0 4
51 4 0
52 1 4
53 2 4
54 0 2
55 3 5
56 3 0
57 1 5
58 2 1
59 5 0
60 4 5
61 0 0
62 1 1
63 1 4
64 5 5
65 3 4
66 2 4
67 4 0
68 2 0
69 1 2
70 4 4
71 5 0
72 3 1
73 0 3
74 4 5
75 3 2
76 1 3
77 0 2
78 1 2
79 3 0
80 2 5
81 3 1
82 0 4
83 0 2
84 3 5
85 3 4
86 0 3
87 1 0
88 4 0
89 5 2
90 3 2
91 2 4
92 4 1
93 5 3
94 1 4
95 2 2
96 2 3
97 2 2
98 5 4
99 1 3
100 4 5
101 4 0
102 2 4
103 0 3
104 0 1
105 0 5
106 3 5
107 1 3
108 2 1
109 3 3
110 0 2
111 5 1
112 5 3
113 4 5
114 2 2
115 5 0
116 2 1
117 2 0
118 5 4
119 4 3
120 1 5
121 4 0
122 2 1
123 2 0
124 1 1
125 3 4
126 4 1
127 1 0
128 3 3
129 5 1
130 5 5
131 3 2
132 3 3
133 1 4
134 3 5
135 1 5
136 4 1
137 0 0
138 3 4
139 5 2
140 2 1
141 5 4
142 5 5
143 1 1
144 3 1
145 1 0
146 3 2
147 3 0
148 4 4
149 1 2
150 4 0
151 3 3
152 1 1
153 2 2
154 5 3
155 2 1
156 1 2
157 4 3
158 1 1
159 3 1
160 3 0
161 1 0
162 3 4
163 3 3
164 1 1
165 4 0
166 1 2
167 3 0
168 0 5
169 0 2
170 2 0
171 0 4
172 4 4
173 4 5
174 5 5
175 4 5
176 0 5
177 0 3
178 2 3
179 1 3
# colocadas=180 ocupadas=36 mayor=60
