# TileUp -- instancia generada
# N=6 K=30 M=300 semilla=1 valor_max=9
6 30
300
5 2
9 2
16 8
16 7
26 4
4 8
1 7
14 1
23 8
9 4
19 2
29 6
1 1
1 9
1 7
22 4
14 1
17 4
25 8
16 9
8 6
8 4
25 8
10 1
14 9
30 2
6 5
4 6
29 9
30 7
17 4
10 5
19 8
28 9
13 1
16 4
24 7
14 3
12 9
29 6
3 8
22 9
4 3
17 7
12 8
24 1
16 1
10 7
21 3
6 9
8 1
25 4
18 9
8 7
17 6
28 6
15 5
22 9
20 1
13 9
26 3
17 9
7 7
2 8
28 6
19 9
7 9
14 8
27 6
14 6
1 9
18 6
15 1
26 4
21 3
18 3
28 2
26 9
26 5
2 2
3 1
15 1
25 5
8 5
4 3
12 5
3 3
6 5
17 3
22 5
21 5
15 6
16 8
4 1
10 7
11 7
26 4
9 2
9 9
7 7
27 1
8 1
13 3
2 3
15 9
22 7
18 4
21 9
15 4
17 1
13 6
22 7
2 5
5 4
29 1
10 2
28 2
10 5
24 3
14 5
5 1
18 1
19 4
29 8
6 9
2 7
7 6
4 4
19 7
19 4
16 2
22 7
10 9
16 1
11 7
29 5
1 3
7 6
26 3
11 7
7 5
22 2
27 7
30 9
12 9
16 9
8 2
24 1
3 3
6 3
30 9
7 5
25 6
20 9
27 5
12 6
11 2
10 4
28 8
5 9
25 2
11 1
14 2
13 3
27 3
11 2
20 7
3 9
8 2
9 6
29 5
19 9
30 2
15 5
4 1
27 5
1 1
3 7
4 1
7 4
26 7
6 2
15 3
22 4
6 2
14 7
26 9
30 5
18 5
23 8
11 2
7 6
2 1
1 5
24 6
15 7
11 7
3 2
30 6
20 8
4 5
7 9
28 8
22 6
9 3
18 4
10 4
8 6
3 5
3 8
3 6
8 7
10 1
11 3
11 5
8 6
4 9
20 2
8 4
1 4
13 2
9 9
28 2
24 2
1 1
10 6
16 8
28 3
4 9
25 6
3 9
22 3
6 3
5 6
10 2
23 9
27 5
5 4
5 9
30 1
25 6
27 9
27 4
6 5
14 9
6 1
23 4
9 2
22 8
26 7
18 5
18 8
28 9
15 1
13 6
6 5
16 1
26 7
19 1
2 6
19 3
19 3
5 5
27 5
13 7
6 2
8 8
1 3
17 6
17 8
30 4
8 6
16 8
8 7
11 9
20 5
21 4
2 2
25 9
21 6
6 9
25 4
10 5
23 5
28 9
12 3
23 8
20 2
28 2
29 9
19 7
6 3
9 7
7 1
16 7
23 6
13 9
28 3
18 1
17 2
