# TileUp -- instancia generada
# N=8 K=55 M=500 semilla=1 valor_max=9
8 55
500
9 2
17 2
32 8
31 7
51 4
7 8
2 7
28 1
45 8
18 4
38 2
21 1
2 1
42 9
1 7
44 4
28 1
34 4
49 8
32 9
15 6
15 4
49 8
19 1
27 9
42 2
12 5
8 6
47 9
28 9
54 4
20 5
38 8
55 9
26 1
31 4
48 7
27 3
24 9
45 6
6 8
43 9
7 3
34 7
24 8
47 1
31 1
20 7
42 3
11 9
15 1
50 4
35 9
15 7
33 6
55 6
30 5
43 9
39 1
25 9
52 3
34 9
14 7
4 8
24 9
13 9
27 8
53 6
27 6
1 9
35 6
30 1
52 4
41 3
36 3
6 9
52 5
3 2
6 1
29 1
49 5
16 5
8 3
23 5
5 3
11 5
34 3
43 5
42 5
30 6
32 8
8 1
20 7
22 7
51 4
17 2
17 9
14 7
53 1
15 1
26 3
3 3
29 9
44 7
35 4
41 9
29 4
34 1
26 6
43 7
4 5
9 4
4 5
5 2
20 5
48 3
27 5
9 1
36 1
38 4
37 8
11 9
3 7
13 6
7 4
37 7
38 4
32 2
43 7
19 9
32 1
21 7
19 1
11 4
55 6
52 3
22 7
14 5
44 2
54 7
36 6
54 9
32 9
16 2
47 1
6 3
11 3
35 4
18 6
39 9
54 5
24 6
22 2
19 4
39 8
9 9
50 2
21 1
27 2
25 3
54 3
22 2
40 7
5 9
15 2
18 6
19 9
8 8
18 2
51 1
53 5
1 1
6 7
8 1
13 4
51 7
11 2
29 3
44 4
11 2
28 7
52 9
53 5
36 5
46 8
21 2
14 6
3 1
1 5
47 6
29 7
21 7
5 2
21 8
8 5
14 9
45 8
43 6
17 3
35 4
20 4
16 6
6 5
6 8
6 6
15 7
20 1
21 3
21 5
16 6
7 9
40 2
16 4
2 4
26 2
18 9
5 2
2 1
19 6
32 8
55 3
7 9
50 6
5 9
43 3
12 3
10 6
20 2
46 9
54 5
9 4
10 9
47 1
50 6
53 9
54 4
12 5
28 9
11 1
46 4
17 2
44 8
52 7
36 5
35 8
55 9
30 1
26 6
11 5
32 1
51 7
37 1
4 6
38 3
38 3
9 5
54 5
26 7
12 2
15 8
1 3
34 6
33 8
44 4
16 6
32 8
15 7
22 9
40 5
42 4
4 2
49 9
42 6
11 9
50 4
20 5
45 5
55 9
24 3
45 8
39 2
55 2
39 9
37 7
12 3
17 7
14 1
32 7
46 6
25 9
55 3
35 1
34 2
52 5
41 2
18 2
9 2
29 4
55 7
52 7
26 3
21 8
9 8
14 2
28 9
27 2
43 5
18 4
25 9
1 4
34 8
38 1
2 4
54 5
14 3
19 3
35 4
18 5
38 5
54 8
51 3
35 6
32 7
55 2
50 4
37 7
14 5
52 2
52 1
8 1
35 5
44 3
5 9
24 5
28 9
44 6
49 9
21 1
8 8
46 8
23 5
35 7
22 8
8 7
25 4
36 1
18 9
13 8
39 9
27 5
45 3
29 9
13 6
34 1
44 7
38 7
26 6
40 2
32 4
41 5
41 1
27 3
41 7
51 5
55 3
50 2
53 1
23 5
52 7
44 9
20 3
30 5
32 3
30 9
3 5
33 2
48 7
5 6
5 8
2 3
33 3
45 2
26 5
39 5
14 9
14 4
22 5
5 2
45 9
43 6
30 9
36 1
11 5
42 9
18 6
40 4
26 9
26 3
31 5
40 6
46 4
17 4
55 1
55 7
21 7
49 4
51 5
13 2
41 3
38 8
38 3
39 5
30 9
11 3
50 3
46 8
24 5
49 7
16 2
46 4
46 5
5 2
15 7
21 8
7 3
3 1
52 1
49 4
44 1
32 9
53 8
22 5
8 3
7 4
26 4
32 8
25 3
15 4
53 5
30 9
38 7
14 8
46 5
22 8
38 2
14 2
3 1
52 1
55 8
21 7
55 5
13 7
11 3
51 1
1 7
10 9
4 7
17 3
6 8
42 5
1 1
35 1
34 3
3 5
50 2
28 2
13 1
32 3
48 5
44 4
43 8
25 6
41 5
17 4
16 1
38 3
23 7
39 9
41 9
4 6
36 7
35 4
46 9
28 2
46 5
48 2
17 3
7 3
4 4
55 7
55 1
4 2
53 9
31 9
24 2
21 1
9 9
3 8
43 3
26 8
