# TileUp -- instancia generada
# N=6 K=30 M=300 semilla=2 valor_max=9
6 30
300
28 1
3 2
12 3
24 5
9 4
20 1
19 3
14 7
26 9
12 9
30 8
17 5
29 1
28 1
12 8
30 6
30 7
14 9
6 9
6 4
8 1
6 6
6 3
17 9
12 9
22 9
6 8
26 7
24 9
30 6
26 6
12 8
6 7
23 8
21 9
8 8
9 8
17 9
27 6
22 8
29 8
12 9
24 8
16 4
11 3
29 5
25 8
10 5
26 9
18 9
17 7
10 4
16 9
12 2
26 6
24 1
30 4
24 2
2 1
9 4
22 2
25 9
5 5
8 4
29 1
14 1
2 6
12 3
8 1
3 2
3 1
2 1
12 5
5 3
24 3
17 1
13 1
26 4
5 1
1 6
20 2
10 6
16 1
10 8
18 1
29 5
25 7
28 3
16 4
3 6
27 2
1 8
26 3
17 7
16 9
11 3
28 6
9 5
20 7
21 1
23 9
5 1
9 1
5 3
6 2
15 4
17 1
8 4
23 8
3 5
3 4
20 6
9 7
9 9
25 1
5 1
13 7
6 2
17 2
8 2
4 1
6 4
4 4
1 9
22 8
15 5
18 7
7 4
24 7
14 9
1 1
29 7
30 9
19 3
30 2
22 8
12 1
17 2
20 6
10 6
10 1
28 7
4 2
10 4
27 1
26 8
2 7
21 8
15 4
29 2
1 5
1 6
10 2
8 8
7 2
19 6
13 8
5 6
13 2
9 2
4 2
20 6
21 7
7 2
1 8
25 1
24 8
10 6
15 3
26 6
9 8
17 8
24 7
30 8
27 5
13 4
6 8
20 5
18 7
23 2
19 2
3 6
6 9
5 7
29 2
26 2
30 1
5 5
13 4
23 6
15 3
17 5
4 3
18 7
4 6
17 4
23 9
9 3
29 3
15 4
13 6
26 3
15 8
24 1
26 7
29 3
13 9
2 8
9 7
9 7
23 8
12 9
11 2
25 4
18 4
13 7
29 1
11 8
17 8
21 3
27 2
1 7
7 7
29 4
29 2
13 9
25 4
9 4
16 3
1 7
16 5
17 3
15 4
25 2
12 1
29 8
18 2
25 8
30 6
15 5
29 9
15 1
3 6
6 7
9 3
2 3
16 7
15 5
5 1
10 9
15 1
12 1
18 7
19 8
7 5
16 3
16 9
23 5
3 5
27 6
10 6
21 5
21 7
17 2
17 4
13 9
28 3
26 9
21 2
10 1
8 8
18 4
17 5
2 2
4 7
28 6
7 6
12 2
11 8
12 3
16 8
28 5
15 3
30 8
21 4
30 5
11 3
4 4
16 4
25 6
6 6
5 3
8 5
26 9
21 7
13 6
9 9
19 6
24 7
25 5
