# TileUp -- instancia generada
# N=10 K=65 M=800 semilla=2 valor_max=9
10 65
800
8 2
11 6
22 5
33 4
5 3
56 7
48 9
57 9
35 1
4 6
60 6
49 7
22 9
23 4
30 1
23 6
23 3
47 9
24 8
54 9
47 6
47 8
21 7
60 9
32 8
36 8
65 9
46 8
60 6
59 8
29 6
22 5
62 5
39 9
65 7
40 4
63 9
47 2
44 1
25 2
8 1
35 4
14 9
18 5
32 4
8 7
5 1
47 6
23 4
4 2
15 2
4 1
3 6
33 3
21 3
1 7
6 4
20 1
1 6
15 5
44 8
4 5
58 9
6 5
52 3
61 4
12 6
14 1
58 3
51 8
42 3
44 5
34 7
3 9
18 1
33 1
17 3
22 2
59 4
5 4
30 8
10 5
11 4
47 5
55 5
1 3
5 7
53 3
15 9
12 4
14 2
3 3
30 2
28 1
60 8
40 9
49 4
27 7
55 9
3 1
54 9
24 2
62 6
3 9
16 6
38 6
40 1
53 2
14 5
26 1
58 1
53 8
60 4
10 1
37 1
48 5
10 4
63 4
15 6
51 8
18 6
51 2
33 2
16 2
43 7
28 2
4 8
6 8
38 6
59 3
48 5
62 9
62 7
63 5
51 4
21 8
34 9
55 2
13 2
46 3
19 7
9 2
5 3
38 7
30 6
57 3
37 2
20 9
55 2
43 9
32 9
33 3
21 8
31 7
46 3
60 8
4 7
24 7
7 8
36 7
33 7
61 6
43 2
29 9
25 7
49 1
41 8
60 3
13 1
52 4
50 4
13 7
26 5
25 8
18 1
56 8
33 9
23 8
27 2
45 1
63 9
9 8
43 8
35 9
59 1
11 6
23 7
33 3
7 3
64 7
60 5
20 1
37 9
60 1
47 1
49 8
27 5
64 3
62 9
39 2
34 6
39 6
40 7
12 9
27 7
20 9
12 5
6 4
59 9
30 9
36 1
15 2
49 6
28 6
46 2
43 8
47 3
64 8
38 8
18 8
28 5
42 3
13 4
61 4
48 3
46 3
18 4
35 9
49 7
44 5
65 6
52 5
10 6
40 7
62 3
34 6
57 8
12 3
41 7
17 1
14 6
22 6
10 7
2 9
42 4
50 9
37 8
20 6
41 4
64 2
19 4
43 5
19 7
47 5
12 6
25 4
31 1
44 6
8 3
23 2
56 8
35 3
42 9
15 6
51 4
7 7
61 8
41 9
12 9
64 7
59 3
53 7
58 1
14 8
17 2
65 3
10 7
40 8
2 5
14 6
29 3
4 3
55 2
44 8
7 8
31 2
62 3
4 3
65 9
8 1
26 9
1 9
44 9
31 3
48 8
1 3
15 4
14 8
28 1
28 7
44 7
65 3
14 3
27 3
49 4
39 6
56 3
55 3
51 6
39 2
13 8
35 5
63 5
30 7
18 9
14 1
26 4
25 7
6 3
4 5
61 9
7 4
19 6
5 4
14 3
24 2
60 5
27 3
42 5
9 7
54 1
59 5
16 5
3 4
54 6
34 9
51 9
26 7
17 3
58 8
45 7
61 5
25 8
57 4
61 6
40 2
22 6
61 4
17 5
27 9
39 2
2 1
26 6
8 6
33 6
57 2
54 8
3 5
17 4
20 3
49 2
58 5
11 8
62 4
20 5
30 4
43 7
53 4
28 9
8 5
32 3
51 7
16 8
51 7
61 7
37 4
31 4
8 9
12 9
1 1
50 7
52 4
35 2
47 9
47 9
64 2
59 4
36 1
4 8
6 3
19 4
42 4
7 3
38 2
12 3
56 3
5 5
35 8
7 9
46 6
13 6
14 6
47 5
62 5
20 1
6 6
56 1
45 9
7 2
65 7
55 7
31 3
21 1
3 6
24 5
3 1
32 4
52 2
47 2
9 4
30 9
25 2
1 7
11 9
36 4
7 9
52 7
17 3
55 3
59 6
7 3
57 7
58 3
64 3
45 3
3 5
24 3
53 5
57 8
60 4
55 7
35 4
46 1
51 1
55 5
4 9
62 5
35 4
60 8
47 9
60 4
21 8
37 6
54 2
65 4
50 2
56 8
59 2
50 8
47 9
45 3
19 4
23 7
58 8
23 7
34 6
52 5
34 6
2 7
6 4
59 2
15 1
47 6
41 7
23 6
11 9
62 7
31 8
13 1
45 1
39 8
18 1
2 6
52 8
1 8
27 4
42 3
43 5
51 8
60 5
11 9
28 6
31 6
48 3
31 9
29 4
60 4
51 5
27 9
21 1
52 8
47 3
26 3
63 1
18 4
28 1
11 8
26 3
35 7
3 1
47 2
40 1
47 8
49 2
10 8
23 3
59 2
35 3
62 9
10 9
38 5
4 9
27 2
54 3
24 5
60 4
6 6
59 1
20 4
45 5
14 4
20 4
4 6
16 5
14 6
10 9
18 6
17 7
26 5
3 1
44 3
10 9
7 3
64 7
46 8
38 5
9 3
15 1
12 3
46 3
39 9
17 2
30 4
43 2
24 7
27 7
5 6
55 8
45 3
16 1
17 7
19 7
29 5
16 2
23 4
10 9
41 3
65 4
31 8
52 8
14 6
30 1
45 2
51 1
15 5
46 9
31 6
55 4
6 3
22 3
22 7
20 2
39 7
60 1
15 7
1 2
5 4
56 1
25 7
41 3
23 5
35 5
30 9
40 5
54 8
62 7
38 7
23 7
38 8
55 6
10 1
33 7
59 2
65 9
61 9
36 3
28 6
14 4
28 7
17 9
25 9
50 3
10 5
59 3
12 6
24 4
6 7
5 7
39 4
21 7
29 4
30 9
33 9
36 5
21 1
52 9
7 1
63 4
42 5
6 8
43 3
58 1
27 6
33 8
34 9
33 1
42 1
54 4
24 7
62 3
55 5
10 3
7 7
9 9
20 1
4 6
28 9
61 7
43 2
1 2
27 1
4 3
4 5
33 2
3 1
45 5
14 7
24 7
2 4
28 3
56 9
5 5
14 4
32 1
28 4
23 1
22 2
26 4
37 6
11 4
17 4
14 6
63 3
27 4
50 5
1 2
30 5
48 5
40 1
40 2
61 9
18 6
37 7
55 2
24 4
17 2
60 2
19 8
4 3
49 4
62 6
18 7
26 2
44 6
40 7
18 4
34 8
42 1
6 1
15 4
38 1
57 9
29 4
32 2
5 1
15 7
15 7
55 9
4 1
23 2
26 4
11 5
35 2
24 5
26 2
23 1
1 2
59 8
3 1
30 6
10 4
36 2
22 4
11 7
36 8
15 5
19 6
49 4
29 4
63 8
15 8
51 6
8 8
6 7
59 4
53 9
8 9
52 5
16 8
37 5
54 4
22 4
16 1
36 9
17 7
56 1
18 1
8 4
5 5
24 3
64 6
11 7
21 2
54 5
32 1
27 5
8 4
28 8
63 8
3 1
40 7
28 7
13 8
60 9
22 9
23 5
19 9
16 9
24 1
43 1
35 7
42 3
9 4
19 6
42 1
28 1
25 6
8 1
63 7
20 1
54 2
42 3
32 2
34 5
44 8
36 8
28 6
1 1
13 7
55 7
59 5
54 1
33 1
3 3
45 4
28 2
46 5
44 1
15 6
39 3
