# TileUp -- instancia generada
# N=4 K=12 M=150 semilla=2 valor_max=9
4 12
150
1 2
2 6
3 5
5 4
10 1
10 3
7 7
12 9
6 9
8 9
5 1
1 6
8 6
7 7
9 3
9 3
4 4
1 3
6 3
3 9
9 6
9 9
3 8
7 9
6 6
6 8
3 7
12 8
11 9
4 8
5 8
9 9
6 8
8 6
10 9
12 8
8 4
6 3
10 5
8 5
5 9
9 9
9 7
5 4
8 9
6 2
6 1
4 2
1 1
5 4
11 2
9 3
5 4
4 1
7 1
1 6
6 3
4 1
2 2
2 1
1 1
6 5
3 3
12 3
9 1
7 1
4 3
1 1
6 2
5 6
8 1
5 8
9 1
5 7
10 3
8 4
2 6
2 1
8 3
9 7
8 9
6 3
6 5
5 7
11 1
12 9
3 1
5 1
3 3
3 2
8 4
9 1
4 4
12 8
2 5
2 4
10 6
5 7
5 9
1 3
1 7
7 3
2 9
12 2
4 2
2 1
3 4
2 4
1 9
11 8
8 5
9 7
4 4
12 7
7 9
1 1
7 9
10 3
2 8
6 1
9 2
10 6
5 6
5 1
11 7
2 2
5 4
11 1
8 1
7 8
8 4
10 2
1 5
1 6
5 2
4 8
4 2
10 6
7 8
3 6
7 2
5 2
2 2
10 6
11 7
4 2
1 8
1 8
5 6
8 3
