# TileUp -- instancia generada
# N=10 K=65 M=800 semilla=1 valor_max=9
10 65
800
18 2
33 2
64 8
61 7
27 2
63 1
50 7
1 8
35 4
14 6
4 1
4 9
2 7
28 7
4 9
29 8
64 9
30 6
30 4
59 5
3 7
13 3
38 2
43 9
55 9
25 5
37 8
65 7
5 8
32 7
54 3
47 9
48 2
57 9
14 3
51 6
63 1
61 1
40 7
22 3
65 4
2 4
30 7
45 6
59 5
1 7
17 9
27 7
8 8
47 9
26 9
53 8
46 7
45 1
43 8
4 4
23 9
24 2
33 1
10 2
3 8
2 5
32 5
15 3
45 5
9 3
21 5
22 5
38 8
42 8
61 2
4 5
50 6
54 4
34 2
33 9
27 7
3 4
3 7
19 1
21 8
65 7
29 9
58 4
4 7
42 7
8 5
17 4
7 5
10 2
40 5
21 7
33 3
2 9
5 4
59 3
5 7
26 6
13 4
56 4
64 2
50 5
65 8
3 6
52 5
3 3
26 6
18 6
55 4
35 2
49 9
45 9
63 9
31 2
6 2
18 3
22 9
28 5
43 9
33 6
44 6
15 5
31 8
18 9
14 6
6 7
10 7
19 3
44 2
49 2
29 2
35 6
38 9
15 8
36 2
6 5
2 1
12 7
15 1
25 4
54 3
15 8
22 4
21 2
56 7
38 9
33 8
41 2
27 6
6 1
2 5
41 8
51 6
52 2
9 6
59 2
33 4
61 6
34 3
27 5
26 4
47 2
36 2
58 2
44 4
50 5
6 6
24 6
39 4
43 2
12 4
29 1
32 7
10 5
10 2
3 1
38 6
64 8
20 2
65 6
10 9
23 3
20 3
41 5
14 9
38 3
27 3
5 6
27 3
39 7
21 1
32 5
9 8
56 9
33 9
57 9
59 1
51 6
22 5
63 1
54 1
8 6
18 3
18 5
36 7
52 3
12 4
63 1
23 9
41 9
57 4
31 6
64 8
29 7
44 9
36 4
7 2
48 3
27 5
39 5
48 3
60 2
16 9
49 3
20 5
55 4
7 8
51 6
50 9
22 9
6 9
12 5
13 5
11 3
11 8
31 7
56 7
22 6
57 3
63 4
16 7
53 2
38 5
32 7
1 4
57 1
4 4
34 4
23 5
19 9
26 5
40 5
58 3
46 8
54 2
27 7
27 5
14 1
16 1
38 3
10 9
48 5
56 9
46 9
42 1
16 8
58 6
40 9
52 6
64 2
49 7
27 9
1 5
26 8
53 5
22 8
26 6
1 7
55 7
44 2
64 4
38 1
53 3
51 5
23 2
2 6
34 7
39 3
60 5
63 3
60 9
6 5
13 7
9 6
9 8
3 3
65 3
12 7
36 5
27 9
27 4
43 5
9 2
48 8
7 3
39 9
35 6
30 7
52 3
62 5
43 4
34 4
4 7
41 7
32 5
25 2
22 8
19 5
59 9
21 3
18 8
47 5
52 4
15 4
40 2
14 4
51 6
64 2
24 1
8 1
28 1
64 9
57 6
36 2
23 2
29 7
30 8
58 7
22 4
31 5
60 9
50 4
58 5
43 8
15 4
11 1
2 1
62 6
50 5
26 7
21 3
4 1
50 3
8 7
33 3
11 8
39 1
5 9
8 9
17 1
36 2
56 2
25 1
64 3
36 4
58 7
43 5
34 4
32 1
23 6
55 9
8 6
53 9
26 9
55 2
35 2
33 3
13 3
8 4
55 1
7 2
61 9
48 2
41 1
17 9
5 8
17 7
58 1
35 2
33 6
11 5
5 7
8 5
41 3
34 7
15 5
13 7
32 9
27 6
44 9
51 8
14 3
58 9
4 5
21 4
48 7
42 2
53 6
17 2
6 5
41 7
39 6
46 5
42 9
65 1
16 3
41 6
42 2
58 5
62 8
47 7
11 1
18 1
63 5
32 6
47 6
52 5
60 6
65 3
4 3
33 4
18 2
24 7
7 2
35 2
27 5
9 9
11 2
28 3
56 1
48 8
37 4
26 8
31 7
58 6
25 8
10 5
53 4
2 9
49 9
63 2
52 9
55 1
46 8
1 4
39 1
16 5
41 9
37 9
53 9
53 5
58 5
17 9
57 3
21 5
2 7
5 6
54 7
37 1
12 2
1 7
35 8
35 6
62 6
50 8
15 8
46 3
54 3
3 3
34 6
17 5
53 5
37 7
36 7
43 8
28 8
52 7
12 2
17 4
20 4
4 2
33 3
62 2
52 3
1 2
55 1
28 9
55 6
7 2
54 2
34 5
23 8
7 4
12 7
16 8
38 9
64 7
15 8
14 3
50 4
22 9
33 7
37 8
28 6
63 2
2 6
35 1
57 5
13 4
36 5
32 7
19 3
33 4
53 9
8 9
20 7
35 5
62 5
35 8
28 8
48 8
31 6
23 3
58 9
20 1
65 6
18 4
41 8
62 6
16 3
18 5
29 2
7 3
15 4
26 9
40 7
42 1
3 5
29 2
29 5
44 5
49 1
16 6
45 3
15 5
19 1
45 2
12 2
39 6
32 5
7 6
4 2
18 7
48 4
13 6
36 1
42 2
46 3
35 7
12 9
61 7
51 5
29 5
18 1
15 3
31 4
56 5
3 5
35 9
34 8
17 7
14 6
9 9
47 9
65 1
40 8
17 3
10 3
28 8
43 6
38 3
20 7
57 7
16 3
35 5
2 9
2 3
49 9
13 8
4 7
55 5
48 7
52 8
7 2
61 1
1 1
15 3
46 9
35 6
61 4
31 2
46 3
15 1
41 7
45 5
8 7
54 7
46 5
44 8
31 9
19 1
44 2
23 9
63 6
16 1
62 4
50 3
51 4
13 4
43 6
32 8
61 6
64 4
56 8
52 9
16 8
35 3
20 1
49 7
14 1
10 3
59 7
65 5
20 3
14 5
3 8
51 4
51 1
32 7
21 3
44 4
10 9
21 3
49 1
28 7
31 1
25 9
10 4
51 8
16 1
50 2
13 8
6 9
31 1
3 5
60 5
54 3
18 9
41 9
58 9
54 9
22 7
50 4
64 5
47 3
34 5
23 2
47 6
19 5
33 5
45 7
36 8
2 3
17 5
29 4
10 9
26 9
55 4
18 9
59 7
26 2
10 3
8 1
52 7
54 3
17 9
10 4
49 3
37 4
51 6
23 4
39 3
45 8
38 2
39 4
60 1
38 2
48 8
33 1
7 6
21 3
14 2
56 4
27 9
65 7
16 4
50 9
18 5
1 2
26 7
62 9
30 5
5 3
65 4
53 5
54 7
35 8
13 3
24 9
3 8
6 8
28 7
44 4
13 2
6 7
57 4
23 9
25 9
50 9
47 4
30 6
9 6
7 8
6 3
19 5
61 1
65 2
51 2
52 9
39 7
35 6
61 1
62 1
55 5
41 3
36 2
47 7
51 9
4 2
5 9
2 2
43 6
48 9
5 6
10 8
11 9
58 6
65 9
1 3
42 6
28 3
19 2
52 6
54 6
44 5
48 1
9 4
34 7
37 2
10 3
35 7
11 3
37 9
34 4
27 2
36 8
7 9
39 4
10 9
41 6
38 9
18 1
57 6
5 1
41 7
21 9
6 9
55 3
26 4
15 3
