# TileUp -- instancia generada
# N=8 K=20 M=400 semilla=2 valor_max=9
8 20
400
2 2
3 6
6 5
9 4
20 1
19 3
14 7
17 6
18 8
17 5
2 1
12 8
11 7
14 9
6 9
6 4
8 1
6 6
6 3
17 9
12 9
18 3
15 7
17 6
19 6
12 8
6 7
15 9
8 8
9 8
17 9
12 8
15 6
19 9
15 8
8 6
6 5
16 5
10 9
18 9
17 7
10 4
16 9
12 2
11 1
7 2
2 1
9 4
4 9
5 5
8 4
2 7
2 1
12 6
6 4
1 2
4 2
1 1
1 6
9 3
6 3
17 1
13 1
8 3
2 1
12 2
10 6
16 1
10 8
18 1
9 7
20 3
16 4
3 6
4 1
15 3
17 7
16 9
11 3
11 5
9 7
1 9
5 1
9 1
5 3
6 2
15 4
17 1
8 4
15 2
9 2
19 4
20 6
9 7
9 9
1 3
2 7
14 3
4 9
3 4
4 2
1 3
8 2
7 1
17 8
15 5
18 7
7 4
14 7
17 1
19 1
14 9
19 3
4 8
12 1
17 2
20 6
10 6
10 1
14 2
4 5
7 1
15 1
14 8
15 4
19 2
1 5
1 6
10 2
8 8
7 2
19 6
13 8
5 6
13 2
9 2
4 2
20 6
13 4
4 1
20 8
2 8
10 6
15 3
12 5
16 9
16 7
16 5
13 4
6 8
20 5
18 7
3 2
3 6
6 9
5 7
3 2
2 3
10 7
8 6
15 3
17 5
4 3
18 7
4 6
17 4
17 5
6 3
15 4
13 6
19 3
15 8
1 7
6 7
17 1
16 5
13 5
14 8
12 9
11 2
8 9
20 4
13 7
1 6
15 9
15 3
4 1
13 4
19 7
7 2
13 9
7 5
19 4
16 3
1 7
16 5
17 3
15 4
3 6
1 8
18 2
19 8
11 8
9 9
15 1
3 6
6 7
9 3
2 3
16 7
15 5
5 1
10 9
15 1
12 1
18 7
19 8
7 5
16 3
16 9
10 2
9 6
10 6
10 7
17 2
17 4
13 9
5 9
3 5
2 4
15 9
8 9
9 1
4 2
13 6
7 6
12 2
11 8
12 3
16 8
10 8
5 8
7 5
11 3
4 4
16 4
12 3
12 3
5 4
9 9
13 7
11 5
20 9
19 6
13 5
18 2
12 5
13 8
6 5
12 8
16 2
6 6
13 3
1 2
12 3
12 2
14 1
18 6
8 7
18 5
16 3
12 6
7 8
4 3
7 6
9 3
14 6
9 2
11 4
8 4
20 1
11 6
20 1
5 3
3 7
15 5
5 6
17 2
11 7
8 1
13 8
16 6
18 2
19 9
18 8
13 8
6 7
13 9
15 1
4 8
19 3
4 9
6 2
13 5
15 1
9 2
12 4
6 1
5 7
3 6
15 1
16 4
3 8
5 9
1 3
17 9
2 1
7 9
1 9
11 9
8 3
12 8
1 3
18 2
8 2
15 4
2 4
13 6
20 7
17 9
6 9
4 3
7 3
13 4
10 6
14 3
14 3
13 6
10 2
18 2
16 5
10 9
16 5
8 7
5 9
4 1
20 9
7 4
7 7
19 1
5 1
9 8
18 1
8 3
20 6
2 4
4 3
18 3
3 8
10 4
6 6
9 9
19 2
14 7
2 8
10 2
9 1
7 7
11 5
18 7
19 9
7 7
5 3
15 8
12 7
16 5
20 4
19 8
15 4
16 6
10 2
6 6
20 8
8 3
10 4
18 5
4 1
1 4
11 1
11 9
9 6
15 2
14 8
1 5
19 3
7 3
6 7
3 8
9 2
16 8
