# TileUp -- instancia generada
# N=6 K=30 M=300 semilla=3 valor_max=9
6 30
300
8 9
5 6
30 8
21 2
20 1
30 8
9 9
8 4
23 8
18 9
16 7
21 3
8 3
28 9
13 1
22 2
6 1
10 1
27 5
16 7
23 7
13 8
30 3
29 6
4 1
5 8
7 5
22 7
25 5
14 9
27 7
19 6
18 7
19 4
29 6
22 1
28 5
20 3
23 6
18 2
23 4
21 5
10 2
3 8
28 8
3 6
26 2
14 3
1 5
14 7
28 2
2 1
13 6
18 5
17 4
2 5
1 2
4 9
2 4
14 5
20 5
5 1
28 6
11 6
5 7
13 8
28 9
13 9
4 9
9 7
21 4
30 5
14 5
17 5
18 6
1 7
19 6
1 7
20 3
2 6
15 6
22 6
20 5
24 8
1 1
22 1
12 5
21 8
10 6
6 6
6 6
25 6
28 5
10 7
4 1
19 3
10 9
8 5
8 6
6 7
21 2
4 6
11 4
15 3
3 6
24 4
29 8
9 4
26 2
2 9
7 6
26 3
28 5
11 2
26 6
19 3
14 5
17 5
15 6
21 7
10 7
19 7
2 7
5 4
1 8
27 9
14 9
30 4
2 8
27 9
10 9
11 4
28 2
28 5
4 4
2 1
29 9
30 4
29 7
19 1
1 8
24 2
6 9
10 4
22 1
17 9
14 1
30 2
11 3
9 9
16 1
12 4
7 2
18 2
6 4
26 5
30 3
27 1
16 7
2 5
8 5
20 9
17 7
2 8
11 1
28 1
25 3
2 2
2 2
16 1
28 2
17 9
16 6
6 6
3 6
13 7
19 5
12 5
7 6
14 2
5 9
1 7
26 2
19 3
2 6
15 9
13 1
20 7
2 6
21 8
25 6
14 7
15 1
8 4
18 5
23 2
26 7
8 7
5 1
30 6
12 9
26 5
4 8
23 2
27 9
26 7
22 2
24 6
19 9
4 1
16 3
8 7
2 9
3 2
22 7
6 1
11 2
1 2
22 8
27 5
19 5
26 2
2 9
17 4
4 9
24 2
30 9
2 9
11 3
27 2
8 3
21 4
15 7
9 6
20 7
12 9
14 2
13 9
8 7
27 3
14 9
22 8
5 7
29 3
6 2
16 8
30 9
15 3
5 5
25 4
5 9
11 4
28 9
25 5
22 7
20 5
29 4
10 1
9 8
26 7
7 3
19 6
8 6
16 3
14 8
23 4
15 9
1 8
24 2
28 7
26 1
15 4
29 4
21 2
7 5
8 4
25 5
5 3
20 1
29 5
6 1
11 3
14 2
24 2
4 2
9 5
2 6
15 6
1 1
11 6
14 7
16 2
7 8
13 3
18 6
4 5
3 7
4 8
29 9
30 5
