# TileUp -- instancia generada
# N=4 K=12 M=150 semilla=1 valor_max=9
4 12
150
3 2
5 2
8 8
8 7
4 2
8 1
7 7
10 1
12 8
5 4
10 2
6 1
1 1
11 9
1 7
11 4
7 1
9 4
8 8
9 4
6 4
11 4
8 5
1 7
9 2
3 5
2 6
12 9
7 9
11 4
5 5
10 8
9 7
10 1
8 4
12 7
7 3
6 9
12 6
2 8
11 9
2 3
9 7
6 8
12 1
8 1
5 7
11 3
3 9
4 1
4 9
9 4
7 9
6 6
8 5
11 9
10 1
7 9
3 9
9 4
7 1
8 6
10 9
4 9
7 8
6 7
6 1
9 9
10 6
8 1
4 3
9 3
2 9
5 1
11 2
2 1
8 1
5 4
5 2
10 3
6 5
2 3
3 5
9 3
11 5
11 5
8 6
8 8
2 1
5 7
6 7
4 5
2 5
12 9
4 7
1 4
1 7
3 1
12 3
8 9
11 7
9 4
11 9
8 4
9 1
7 6
11 7
1 5
3 4
1 5
2 2
5 5
12 3
7 5
3 1
9 1
10 4
10 8
3 9
1 7
4 6
2 4
10 7
10 4
8 2
11 7
5 9
8 1
6 7
5 1
3 4
6 3
6 7
4 5
11 2
7 9
6 9
8 9
4 2
12 1
2 3
3 3
9 4
5 6
10 9
5 6
6 6
2 5
4 8
3 9
