# TileUp -- instancia generada
# N=10 K=65 M=800 semilla=3 valor_max=9
10 65
800
31 9
17 6
61 2
2 8
34 9
30 4
61 9
61 7
20 4
20 9
50 1
9 3
6 5
4 5
61 7
55 7
57 3
47 2
5 3
64 4
34 7
39 7
65 7
45 9
53 4
44 1
36 3
42 9
14 4
35 5
16 2
62 8
12 6
9 7
20 1
38 7
54 2
6 1
49 6
36 9
31 1
40 1
10 2
5 4
53 5
34 3
6 6
41 6
18 7
49 8
50 9
14 9
35 7
31 5
56 5
39 9
44 1
54 6
3 7
18 1
43 8
46 6
36 8
3 1
3 6
33 8
39 6
23 6
24 6
48 5
39 7
14 1
17 5
65 4
35 4
42 3
56 2
14 6
43 4
57 3
11 6
28 8
35 4
16 1
25 6
24 5
44 2
45 3
54 5
35 8
45 7
38 7
53 1
53 3
26 1
62 9
56 9
29 1
59 9
37 9
44 4
9 5
16 4
6 1
26 7
7 1
62 2
22 9
39 4
3 9
53 1
15 6
17 5
62 1
46 4
26 2
16 3
31 5
17 1
63 7
7 5
32 5
55 1
61 6
1 1
17 1
16 1
9 8
5 2
65 8
41 3
41 2
45 7
50 5
47 5
25 6
55 2
17 9
1 7
11 3
6 6
59 9
49 1
56 1
48 8
41 7
54 8
3 4
28 9
35 2
55 4
55 3
4 6
48 9
34 2
60 2
49 2
41 9
14 1
61 3
31 7
6 9
12 2
49 3
4 6
16 1
15 8
37 5
12 1
31 2
13 9
8 9
42 3
10 4
24 4
59 7
33 6
51 6
54 2
49 9
31 7
21 7
62 3
52 3
21 2
64 8
57 3
18 5
26 3
41 4
38 7
35 4
40 1
35 8
49 4
23 6
31 6
62 3
54 8
27 8
4 8
10 7
6 8
30 4
9 4
33 4
25 5
18 3
5 5
22 1
41 3
55 2
11 2
12 5
38 1
46 8
44 1
4 6
43 7
49 8
10 4
63 7
17 9
41 2
36 2
56 2
57 9
33 2
48 6
58 5
34 2
44 9
15 8
46 1
38 3
20 3
48 8
16 2
19 6
54 9
39 3
59 8
40 3
9 2
24 9
51 6
13 5
35 7
7 3
6 8
65 5
32 9
46 6
52 8
9 6
64 2
20 5
13 2
15 3
25 7
51 3
19 7
25 9
22 3
26 5
48 5
4 8
53 7
41 9
40 8
39 8
4 4
1 2
30 8
23 9
59 4
25 9
28 1
65 8
15 5
20 3
60 2
7 1
47 4
65 2
64 9
3 6
42 6
45 3
11 1
11 6
27 2
26 7
29 8
41 2
6 7
10 4
21 7
64 8
9 9
55 4
63 5
3 8
59 7
57 3
59 1
33 6
48 8
47 7
29 1
27 5
48 3
59 9
25 3
27 1
22 7
65 3
4 3
15 3
57 8
24 1
3 7
58 6
53 1
7 4
52 1
51 8
4 4
31 2
50 8
25 3
43 2
45 2
7 5
36 8
39 8
32 9
35 1
44 6
41 2
8 7
12 1
14 1
12 1
22 9
5 8
7 4
43 4
62 6
62 6
5 7
40 7
12 5
24 7
15 9
50 9
43 9
52 3
50 9
46 3
47 7
57 4
57 8
45 5
22 9
50 8
6 3
22 1
60 2
13 6
31 1
7 8
60 6
48 1
10 4
52 2
44 5
15 8
11 4
31 1
20 3
2 2
30 5
27 4
54 9
41 9
25 8
23 2
6 2
4 2
26 5
11 2
60 7
29 2
63 6
52 8
15 5
57 7
27 2
1 8
39 2
44 6
25 8
10 9
47 7
9 9
28 4
45 1
43 4
56 8
11 5
28 6
22 4
28 8
54 6
25 7
62 7
61 1
38 1
24 2
4 3
38 9
8 8
6 4
27 5
63 7
5 6
60 4
37 3
14 8
39 7
57 2
27 3
63 5
49 6
21 7
40 8
61 9
29 6
37 5
4 8
48 6
39 4
2 1
17 9
20 9
3 3
7 1
27 8
46 6
5 8
24 4
2 5
56 6
7 9
13 8
40 5
32 8
54 5
44 1
4 7
5 3
32 3
53 9
44 9
18 5
3 3
6 1
63 1
59 8
54 6
22 5
24 2
18 9
14 7
46 8
59 5
33 8
37 9
20 6
18 9
5 7
63 4
59 5
4 6
15 8
17 5
35 2
56 2
48 1
63 8
25 5
45 3
50 7
41 1
35 4
5 6
41 7
37 1
17 7
33 7
11 8
30 4
11 9
15 2
1 5
9 7
35 8
60 5
38 9
7 3
31 8
22 3
20 3
60 7
2 3
51 1
24 3
40 4
17 3
7 9
20 9
28 7
14 7
50 3
4 5
14 3
15 3
38 3
50 6
10 4
1 6
19 8
32 2
46 9
63 2
41 8
3 6
57 7
60 9
40 8
20 9
59 7
26 5
23 5
22 6
35 4
17 1
8 7
23 2
2 3
16 7
48 9
36 2
60 9
57 6
19 4
42 8
65 6
41 6
45 6
37 5
35 3
16 9
29 6
32 5
56 5
58 3
62 6
23 9
57 1
9 7
55 9
38 1
31 7
50 4
10 6
28 1
64 2
56 7
47 1
39 6
65 6
52 8
48 2
64 3
42 4
1 6
9 1
18 2
27 6
56 5
26 1
4 9
41 9
57 6
28 8
44 2
49 4
61 3
40 5
25 2
23 2
56 1
45 7
1 8
24 8
36 3
50 4
56 5
56 5
13 2
9 8
42 2
2 6
62 7
13 6
54 4
42 4
51 2
7 9
4 9
31 2
24 4
61 9
51 5
45 8
30 4
39 6
18 9
47 9
46 6
27 8
8 7
40 4
64 4
24 2
59 2
65 7
28 6
24 1
42 8
32 7
8 4
52 6
50 4
23 5
33 6
34 1
44 2
27 4
39 8
23 3
32 8
27 4
47 4
23 9
51 9
55 3
39 8
48 1
11 9
59 8
3 3
35 9
54 8
29 7
65 8
45 7
62 3
15 7
44 3
42 2
45 9
19 5
62 9
20 8
48 8
6 6
26 2
39 5
42 7
38 1
55 9
45 7
62 6
24 4
38 4
50 2
42 9
21 6
63 3
51 8
26 7
47 2
8 8
26 3
65 3
16 2
16 7
41 7
36 2
62 5
41 4
34 2
28 2
62 6
56 3
34 6
24 5
26 4
32 5
45 6
14 2
18 2
29 8
43 2
42 3
22 1
63 5
18 6
57 7
65 7
56 5
38 9
35 7
20 1
5 3
56 1
28 3
65 4
48 5
6 9
46 4
16 3
28 2
63 7
37 3
15 9
44 3
34 3
12 2
18 2
1 2
51 8
57 5
23 1
9 5
54 3
1 1
44 9
42 6
14 1
28 7
2 9
57 6
29 8
58 4
1 6
28 4
21 7
51 2
51 6
15 9
32 5
13 1
52 1
44 4
26 8
34 7
27 9
55 5
9 3
58 9
13 5
19 8
17 5
22 4
47 9
38 2
10 8
9 8
32 7
3 1
3 8
1 1
62 1
7 6
38 5
61 8
39 5
17 5
12 7
6 2
25 4
11 3
51 9
18 3
11 5
1 8
