# TileUp -- 10x10, 65 colores, 800 fichas (semilla del generador 2026)
10 65
800
16 6
65 9
14 4
54 9
63 8
31 1
11 2
37 2
58 1
63 6
27 7
33 6
46 7
10 6
12 9
38 5
59 3
40 1
48 6
60 7
12 7
64 2
55 9
63 7
34 7
62 9
4 4
17 1
14 7
61 3
62 4
16 8
61 9
33 9
52 5
65 8
52 7
26 5
35 1
5 3
59 9
63 6
26 5
63 8
64 7
5 5
41 8
13 8
34 8
24 7
62 2
35 8
48 2
25 7
19 8
2 2
1 8
11 4
32 2
6 9
35 6
20 1
41 8
18 9
29 8
17 9
38 2
54 3
18 5
65 7
50 3
26 7
2 2
50 2
7 6
46 1
4 9
61 6
39 8
42 2
64 8
22 3
27 7
44 8
30 2
52 1
26 3
6 9
7 8
25 8
3 3
28 9
18 3
24 7
35 7
54 2
50 5
24 6
23 5
60 8
54 5
60 3
42 9
62 8
16 9
36 2
28 4
1 2
59 6
53 9
24 1
46 3
46 9
28 2
36 9
28 5
35 9
17 2
34 2
56 3
14 1
46 3
14 9
41 5
9 5
41 3
34 5
9 1
53 5
54 1
8 2
31 1
40 2
13 9
45 6
59 1
52 6
28 8
55 2
48 9
33 7
38 6
8 7
4 5
43 5
16 5
54 6
3 9
44 4
8 2
21 2
16 1
17 9
46 5
4 7
17 6
54 7
49 4
54 4
17 3
4 9
51 5
19 4
3 1
36 9
62 7
34 6
18 2
23 9
5 9
34 6
41 1
2 4
61 1
29 9
20 7
47 4
36 6
26 6
46 8
59 9
61 5
25 3
53 3
63 1
46 9
53 1
23 2
39 6
34 3
13 1
28 5
6 7
49 9
21 9
14 2
19 7
43 9
34 5
6 4
21 5
38 9
37 6
18 7
25 1
62 7
46 9
22 9
4 3
41 9
19 3
4 2
1 6
9 6
39 4
20 4
17 2
42 8
14 2
49 5
39 2
45 8
64 2
32 6
59 6
11 2
12 8
40 5
29 3
42 7
65 9
43 6
64 7
41 3
26 8
29 6
45 7
49 4
20 8
17 7
35 6
16 6
35 8
34 3
35 4
43 3
16 5
38 8
52 7
3 9
43 7
44 2
64 9
27 7
46 6
8 7
23 1
35 9
33 3
43 7
61 8
44 1
5 4
16 5
42 1
27 8
36 6
11 9
25 9
2 2
20 6
29 8
27 3
40 2
54 9
18 2
4 5
54 1
24 9
30 8
44 6
45 6
62 5
63 6
33 1
63 3
3 8
47 5
60 4
48 5
52 5
28 1
53 2
39 8
12 9
42 8
41 6
47 3
10 9
23 5
50 2
28 1
60 4
27 7
17 9
28 5
63 3
42 6
51 9
25 3
20 3
17 1
5 5
39 3
18 5
46 3
59 3
24 1
24 3
53 8
4 5
29 9
47 9
12 8
53 3
42 3
6 8
1 1
13 6
33 6
4 3
65 4
12 7
56 4
22 4
29 8
28 6
21 9
55 7
59 6
27 5
57 9
62 2
28 4
15 2
46 3
15 3
27 7
25 7
4 9
19 5
37 6
51 1
62 9
59 5
46 8
18 2
19 9
29 6
59 7
7 9
42 5
11 8
60 6
13 5
38 1
11 1
9 9
58 2
50 8
62 9
3 3
41 3
4 2
51 2
22 9
33 1
6 2
16 6
20 5
61 4
42 8
32 7
31 9
41 7
6 8
32 3
57 4
15 8
49 8
3 8
28 7
5 9
60 3
38 4
41 5
56 1
46 9
22 9
16 6
28 2
22 8
52 2
14 7
52 1
32 4
7 5
22 9
35 6
11 5
22 1
28 9
15 8
5 6
60 9
5 4
62 1
38 2
22 2
36 4
1 5
6 8
34 2
22 9
31 8
7 9
46 4
51 8
12 4
5 1
53 7
12 8
23 3
31 3
26 9
44 7
36 3
60 2
3 6
10 3
32 8
20 6
23 8
15 3
1 7
12 8
54 6
46 2
3 5
31 2
49 4
39 3
40 9
2 1
44 3
59 2
32 8
21 9
62 2
9 3
1 9
40 3
53 5
3 8
38 3
49 1
57 2
13 4
42 8
9 7
36 8
57 5
33 8
53 8
38 6
22 2
4 4
28 5
52 4
42 3
13 4
50 3
43 9
51 4
39 9
49 5
45 8
32 3
39 1
26 5
22 7
17 8
49 8
8 5
5 9
44 9
39 7
29 9
37 9
45 6
50 9
29 1
54 9
55 7
47 4
49 6
4 2
31 4
23 8
51 8
21 7
25 6
4 9
11 2
15 4
51 2
59 6
13 7
31 6
40 1
13 2
44 3
59 7
13 2
25 9
63 6
24 2
12 6
31 3
57 8
13 9
55 3
12 1
60 7
9 8
64 1
58 8
45 2
7 7
24 7
9 5
32 7
14 6
22 1
19 5
34 7
14 4
47 2
53 2
34 6
55 5
30 9
24 9
54 5
5 9
33 9
59 5
53 5
27 8
21 6
40 5
40 2
32 1
26 6
41 2
44 7
55 8
49 2
48 7
58 6
49 6
2 6
50 6
33 8
2 6
53 8
6 1
38 9
7 2
43 7
34 7
39 5
1 4
28 1
10 4
23 1
47 9
59 2
7 5
17 2
54 4
15 2
14 2
50 1
18 8
4 5
53 6
57 4
7 7
40 3
35 9
22 7
7 2
59 7
62 8
19 1
37 2
17 7
25 5
60 9
20 4
42 3
38 1
14 4
60 7
10 6
51 2
2 6
12 5
29 4
44 5
12 5
15 9
10 4
60 9
45 3
22 3
25 9
33 2
50 5
61 6
25 4
23 6
61 2
18 5
7 9
45 4
36 8
5 5
20 5
59 7
14 4
40 2
34 7
10 8
41 5
39 3
7 2
38 7
12 4
26 9
2 1
41 4
4 6
13 5
64 9
53 6
29 1
46 8
63 7
8 6
47 4
33 9
45 7
11 1
56 8
7 1
61 3
61 7
16 6
16 5
16 4
55 4
27 5
28 8
2 2
5 9
61 6
23 7
17 4
39 3
40 7
37 7
56 9
56 4
12 7
49 6
28 9
63 5
41 4
43 9
12 4
35 3
11 8
23 4
29 5
53 8
59 1
36 5
12 1
36 8
44 2
50 9
56 6
54 2
16 5
16 1
17 4
42 6
29 5
35 1
37 3
36 8
36 8
10 9
17 5
35 7
2 3
51 2
48 7
1 9
1 2
8 1
6 6
17 1
3 8
7 1
14 8
7 4
20 8
26 4
5 6
58 1
26 1
40 9
65 8
58 9
13 7
52 2
14 5
52 4
46 2
11 1
24 1
32 9
31 1
7 5
1 4
1 1
40 3
50 4
57 2
56 8
13 6
45 3
32 1
11 3
54 8
6 9
12 3
58 8
3 6
64 3
22 4
9 4
26 8
8 3
63 2
54 2
48 9
16 3
14 5
63 1
52 8
44 6
34 9
41 1
55 7
30 6
13 7
64 7
19 6
60 4
33 9
12 3
35 2
59 3
49 5
29 7
51 3
22 1
23 1
18 5
20 3
4 5
18 7
21 9
29 8
4 6
6 7
