0 4 4
1 5 5
2 3 5
3 4 6
4 5 3
5 6 4
6 3 3
7 6 6
8 2 4
9 4 2
10 5 7
11 7 5
12 3 6
13 6 2
14 7 3
15 6 1
16 6 2
17 1 5
18 2 2
19 2 7
20 1 6
21 1 5
22 4 8
23 6 7
24 5 1
25 8 4
26 1 3
27 3 1
28 5 7
29 7 7
30 6 8
31 3 5
32 8 6
33 7 1
34 0 3
35 8 2
36 1 1
37 1 6
38 1 8
39 8 8
40 4 5
41 1 4
42 0 5
43 4 0
44 5 0
45 4 4
46 5 4
47 2 6
48 6 1
49 5 2
50 5 9
51 4 2
52 9 5
53 3 6
54 3 8
55 9 3
56 0 7
57 2 0
58 9 2
59 4 9
60 1 9
61 5 2
62 7 9
63 0 8
64 9 7
65 8 0
66 2 4
67 0 6
68 6 9
69 4 2
70 4 7
71 2 9
72 1 5
73 9 4
74 4 1
75 4 6
76 1 7
77 3 4
78 7 8
79 5 3
80 7 2
81 7 3
82 4 5
83 3 6
84 5 5
85 9 1
86 6 3
87 7 7
88 5 9
89 2 5
90 0 5
91 9 5
92 6 2
93 9 3
94 5 8
95 9 2
96 7 4
97 7 5
98 5 4
99 9 4
100 2 6
101 2 3
102 9 6
103 9 5
104 2 2
105 8 6
106 8 2
107 7 6
108 0 6
109 0 0
110 7 9
111 7 7
112 5 7
113 8 3
114 9 9
115 4 3
116 7 3
117 0 1
118 4 9
119 3 2
120 4 0
121 3 3
122 5 6
123 1 2
124 5 9
125 9 4
126 5 1
127 1 8
128 7 6
129 0 9
130 4 2
131 8 6
132 9 6
133 1 1
134 4 3
135 3 7
136 0 5
137 5 5
138 3 8
139 3 2
140 3 1
141 9 3
142 5 3
143 8 6
144 6 3
145 7 6
146 8 9
147 2 1
148 6 5
149 5 8
150 6 0
151 5 5
152 2 7
153 2 0
154 3 3
155 5 6
156 5 2
157 2 2
158 2 3
159 8 3
160 5 4
161 9 0
162 5 9
163 6 7
164 9 8
165 8 4
166 5 8
167 4 6
168 3 9
169 8 7
170 5 6
171 3 8
172 0 1
173 9 9
174 5 0
175 7 4
176 6 4
177 5 1
178 8 5
179 4 0
180 1 0
181 9 2
182 6 9
183 1 5
184 0 8
185 5 5
186 6 1
187 5 4
188 2 4
189 1 4
190 4 5
191 1 1
192 8 8
193 4 6
194 3 7
195 8 0
196 7 5
197 1 3
198 9 7
199 7 0
200 0 4
201 7 1
202 7 2
203 3 5
204 8 5
205 2 1
206 2 5
207 1 9
208 1 8
209 6 2
210 8 2
211 3 9
212 8 3
213 8 4
214 2 3
215 5 9
216 3 6
217 1 4
218 9 6
219 5 1
220 9 4
221 5 7
222 4 8
223 0 8
224 3 2
225 3 3
226 4 1
227 1 6
228 8 4
229 2 8
230 1 3
231 8 6
232 8 3
233 7 3
234 9 8
235 0 3
236 7 5
237 1 5
238 6 8
239 0 7
240 0 5
241 3 5
242 9 3
243 5 0
244 4 7
245 6 6
246 8 7
247 1 1
248 5 8
249 0 4
250 3 0
251 6 9
252 3 1
253 3 7
254 2 5
255 8 9
256 3 0
257 2 9
258 4 5
259 5 1
260 6 4
261 0 6
262 5 7
263 4 9
264 4 4
265 3 4
266 0 9
267 5 9
268 2 4
269 1 4
270 8 8
271 7 6
272 7 8
273 1 5
274 1 7
275 2 3
276 8 3
277 6 3
278 3 8
279 0 5
280 6 8
281 4 2
282 1 5
283 3 9
284 7 3
285 2 0
286 9 9
287 5 2
288 1 3
289 0 7
290 0 0
291 8 1
292 2 9
293 2 1
294 4 2
295 9 1
296 3 9
297 0 4
298 9 3
299 9 4
300 2 8
301 2 3
302 0 5
303 0 2
304 7 0
305 8 1
306 7 4
307 2 5
308 4 3
309 7 1
310 4 9
311 1 6
312 2 0
313 6 1
314 4 7
315 0 4
316 1 0
317 7 9
318 2 9
319 6 2
320 8 0
321 7 2
322 3 0
323 5 2
324 0 5
325 3 2
326 5 6
327 0 1
328 6 7
329 9 3
330 3 6
331 9 8
332 2 2
333 5 7
334 4 6
335 0 2
336 4 4
337 0 0
338 0 3
339 8 8
340 2 6
341 9 0
342 7 8
343 7 9
344 8 0
345 5 3
346 3 6
347 9 0
348 0 4
349 6 3
350 8 1
351 4 8
352 1 0
353 3 5
354 6 4
355 8 9
356 4 5
357 5 8
358 0 3
359 1 2
360 8 0
361 0 0
362 5 4
363 0 4
364 1 3
365 7 1
366 7 9
367 7 7
368 4 6
369 0 6
370 7 0
371 4 3
372 1 2
373 4 4
374 0 8
375 9 7
376 2 2
377 0 7
378 2 1
379 9 2
380 7 6
381 8 7
382 0 6
383 3 8
384 3 7
385 1 5
386 1 9
387 0 9
388 6 1
389 6 0
390 3 1
391 6 6
392 6 2
393 8 6
394 1 1
395 7 3
396 5 7
397 1 6
398 7 2
399 4 3
400 6 9
401 0 6
402 3 8
403 0 5
404 1 4
405 0 4
406 7 4
407 3 0
408 6 2
409 1 3
410 5 5
411 2 3
412 3 7
413 9 6
414 2 2
415 9 5
416 3 2
417 7 3
418 4 0
419 9 6
420 7 2
421 6 7
422 9 1
423 2 1
424 9 2
425 3 3
426 7 1
427 2 7
428 6 5
429 1 8
430 3 4
431 1 9
432 8 2
433 3 3
434 1 7
435 5 5
# colocadas=436 ocupadas=100 mayor=68
