0 1 1
1 1 4
2 4 1
3 4 4
4 2 2
5 3 3
6 1 3
7 2 4
8 4 3
9 3 1
10 4 2
11 4 0
12 5 1
13 1 2
14 2 1
15 3 2
16 4 2
17 3 4
18 2 4
19 2 3
20 0 1
21 2 4
22 2 3
23 3 0
24 3 1
25 1 0
26 2 4
27 5 3
28 4 5
29 4 1
30 4 3
31 2 1
32 2 5
33 4 2
34 2 4
35 0 2
36 3 2
37 4 0
38 5 4
39 1 1
40 5 2
41 3 1
42 3 5
43 2 0
44 0 4
45 5 1
46 0 1
47 2 2
48 4 4
49 5 3
50 5 0
51 2 3
52 1 0
53 3 0
54 4 3
55 4 5
56 3 1
57 5 5
58 4 5
59 2 2
60 2 1
61 1 1
62 4 1
63 0 1
64 5 2
65 3 5
66 4 4
67 2 0
68 0 2
69 1 5
70 1 4
71 3 4
72 3 0
73 4 0
74 4 5
75 5 1
76 0 5
77 4 4
78 4 1
79 4 0
80 3 2
81 3 3
82 0 0
83 2 3
84 4 3
85 5 3
86 1 0
87 1 1
88 0 1
89 1 5
90 5 5
91 5 0
92 5 4
93 5 2
94 0 0
95 0 3
96 0 1
97 1 2
98 3 3
99 1 4
100 3 2
101 4 0
102 1 1
103 4 1
104 2 4
105 4 4
106 5 1
107 1 2
108 2 2
109 2 5
110 1 5
111 3 2
112 4 2
113 5 2
114 2 0
115 4 2
116 0 4
117 2 5
118 4 1
119 0 2
120 1 2
121 2 4
122 0 5
123 4 0
124 5 1
125 1 0
126 3 3
127 4 3
128 2 5
129 5 0
# colocadas=130 ocupadas=36 mayor=56
