0 1 1
1 0 4
2 4 1
3 4 4
4 1 5
5 4 0
6 5 1
7 1 2
8 0 1
9 1 0
10 2 1
11 4 5
12 1 3
13 5 4
14 2 4
15 4 2
16 3 3
17 3 5
18 5 3
19 3 1
20 0 2
21 2 5
22 5 0
23 2 2
24 0 1
25 0 5
26 3 0
27 4 1
28 0 4
29 2 4
30 4 3
31 5 2
32 1 1
33 5 3
34 3 2
35 4 2
36 5 5
37 1 4
38 0 3
39 1 0
40 0 2
41 4 4
42 4 5
43 2 1
44 5 4
45 2 2
46 2 1
47 3 4
48 4 0
49 2 4
50 5 5
51 1 2
52 3 5
53 2 0
54 1 0
55 1 1
56 4 1
57 0 0
58 1 2
59 2 5
60 2 4
61 1 5
62 5 4
63 0 3
64 0 5
65 3 4
66 5 5
67 3 5
68 0 1
69 5 2
70 5 4
71 4 0
72 1 5
73 0 0
74 1 0
75 5 1
76 2 0
77 5 0
78 3 4
79 1 1
80 2 5
81 4 1
82 2 4
83 1 2
84 5 1
85 4 2
86 5 0
87 4 4
88 3 4
89 2 3
90 3 3
91 1 4
92 5 4
93 5 5
94 4 1
95 0 4
96 4 5
97 2 3
98 1 3
99 2 3
100 5 5
101 3 3
# colocadas=102 ocupadas=36 mayor=44
