0 2 2
1 3 3
2 1 3
3 1 2
4 1 3
5 2 1
6 2 4
7 4 2
8 1 1
9 2 3
10 3 1
11 4 4
12 3 4
13 3 3
14 3 4
15 3 3
16 4 1
17 4 3
18 1 4
19 0 2
20 2 5
21 3 5
22 0 4
23 5 2
24 4 0
25 1 5
26 1 2
27 2 0
28 4 5
29 1 4
30 4 4
31 4 2
32 3 2
33 5 2
34 5 3
35 0 1
36 3 1
37 5 0
38 1 5
39 5 5
40 4 0
41 4 3
42 1 0
43 5 4
44 2 5
45 3 0
46 0 0
47 4 1
48 2 4
49 0 2
50 4 5
51 0 5
52 3 1
53 3 5
54 4 4
55 5 1
56 2 1
57 4 2
58 0 4
59 4 3
60 1 2
61 5 4
62 1 3
63 5 3
64 5 2
65 3 3
66 0 3
67 5 1
68 1 5
69 5 0
70 4 4
71 3 2
72 2 0
73 1 3
74 3 4
75 3 1
76 5 1
77 1 2
78 1 3
79 5 2
80 1 2
81 2 1
82 3 2
83 4 5
84 2 0
85 2 4
86 2 5
87 0 1
88 5 3
89 5 4
90 3 5
91 3 4
92 1 0
93 0 0
94 0 2
# colocadas=95 ocupadas=36 mayor=37
