0 2 2
1 1 2
2 2 1
3 2 2
4 2 0
5 1 0
6 0 4
7 3 3
8 2 3
9 0 3
10 2 4
11 2 2
12 0 4
13 0 3
14 0 0
15 0 1
16 2 0
17 1 2
18 1 4
19 2 1
20 0 2
21 0 1
22 2 2
23 0 2
24 1 3
25 0 3
26 2 1
27 2 3
28 2 2
29 3 1
30 1 3
31 1 1
32 1 4
33 0 3
34 2 1
35 3 2
36 0 2
37 1 3
38 2 2
39 0 1
40 0 3
41 2 3
42 2 4
43 0 4
44 0 0
45 0 3
46 0 4
47 2 1
48 0 2
49 0 3
50 2 2
51 2 3
52 1 3
53 2 0
54 0 1
55 0 3
56 1 4
57 1 0
58 0 4
59 0 3
60 0 4
61 2 4
62 2 0
63 1 2
64 2 2
65 0 2
66 1 0
67 0 3
68 1 4
69 1 3
70 1 1
71 1 4
72 2 3
73 1 3
74 2 2
75 0 1
76 0 4
77 0 3
78 0 2
79 2 1
80 0 1
81 2 3
82 1 3
83 2 3
84 2 2
85 1 2
86 0 0
87 2 4
88 1 0
89 0 0
90 1 1
91 2 2
92 0 1
93 0 2
94 0 4
95 0 3
96 3 2
97 2 3
98 2 2
99 0 4
100 1 4
101 2 1
102 0 4
103 1 2
104 0 0
105 0 3
106 0 1
107 0 4
108 0 3
109 0 2
110 2 0
111 4 2
112 1 1
113 0 1
114 1 0
115 0 4
116 2 0
117 4 1
118 0 3
119 1 2
120 4 0
121 4 1
122 2 2
123 1 2
124 0 0
125 0 4
126 2 2
127 0 1
128 3 0
129 2 0
130 3 0
131 4 2
132 0 3
133 0 2
134 2 3
135 2 1
136 2 2
137 4 1
138 2 0
139 3 2
140 2 1
141 2 4
142 1 2
143 4 0
144 0 0
145 3 3
146 2 2
147 3 2
148 2 3
149 2 2
# colocadas=150 ocupadas=6 mayor=159
