0 0 0
1 0 1
2 0 0
3 0 2
4 1 0
5 0 0
6 2 0
7 1 1
8 1 0
9 0 1
10 1 2
11 2 1
12 1 1
13 0 2
14 1 2
15 2 2
16 0 2
17 0 3
18 2 1
19 1 1
20 0 2
21 1 2
22 2 3
23 2 2
24 3 2
25 0 1
26 1 1
27 0 1
28 0 2
29 2 2
30 1 2
31 1 3
32 0 3
33 1 0
34 1 1
35 0 0
36 0 1
37 1 3
38 2 2
39 0 0
40 1 2
41 2 2
42 3 1
43 2 3
44 1 2
45 2 1
46 2 2
47 1 2
48 1 1
49 2 0
50 2 1
51 2 0
52 2 1
53 1 2
54 0 1
55 3 2
56 2 2
57 2 3
58 2 2
59 1 2
60 2 2
61 1 1
62 3 3
63 1 0
64 2 3
65 3 3
66 2 3
67 1 3
68 1 2
69 2 1
70 1 1
71 2 2
72 0 2
73 0 0
74 2 1
75 0 1
76 1 2
77 1 1
78 0 3
79 1 0
80 1 3
81 2 2
82 2 3
83 0 3
84 1 3
85 2 2
86 3 1
87 1 2
88 1 3
89 0 3
90 1 3
91 0 0
92 2 1
93 2 2
94 1 2
95 1 1
96 0 1
97 2 1
98 2 3
99 1 0
100 1 1
101 2 2
102 2 3
103 0 0
104 2 1
105 2 2
106 1 1
107 1 2
108 2 1
109 0 1
110 2 2
111 1 1
112 0 0
113 2 3
114 1 0
115 1 2
116 3 1
117 1 1
118 0 0
119 2 1
120 3 2
121 2 2
122 0 1
123 1 1
124 0 1
125 1 1
126 1 3
127 0 2
128 0 0
129 1 2
130 0 3
131 2 1
132 2 2
133 0 1
134 3 2
135 0 2
136 3 1
137 2 1
138 3 3
139 2 0
140 0 4
141 0 1
142 0 3
143 2 1
144 1 0
145 1 2
146 2 0
147 1 3
148 1 1
149 0 1
# colocadas=150 ocupadas=6 mayor=156
