0 1 1
1 1 6
2 6 1
3 6 6
4 1 3
5 3 1
6 3 6
7 6 3
8 2 2
9 5 1
10 2 5
11 5 5
12 4 2
13 6 1
14 3 3
15 4 4
16 0 2
17 0 5
18 5 2
19 2 0
20 2 7
21 5 7
22 4 7
23 7 2
24 7 5
25 6 7
26 6 6
27 7 4
28 5 0
29 1 4
30 4 1
31 7 6
32 0 6
33 5 6
34 4 6
35 5 5
36 0 0
37 6 0
38 6 1
39 0 5
40 6 4
41 3 0
42 2 0
43 2 4
44 3 5
45 3 2
46 1 2
47 4 7
48 4 5
49 5 4
50 5 1
51 7 5
52 0 4
53 0 2
54 7 7
55 6 4
56 5 7
57 7 1
58 5 6
59 1 7
60 0 5
61 7 4
62 4 2
63 6 4
64 5 0
65 0 6
66 2 6
67 4 1
68 6 6
69 5 1
70 1 6
71 6 7
72 3 4
73 4 3
74 7 4
75 1 7
76 0 5
77 2 1
78 1 0
79 5 3
80 4 4
81 2 2
82 1 2
83 2 0
84 3 7
85 2 7
86 4 5
87 6 2
88 7 5
89 3 5
90 5 4
91 4 0
92 2 3
93 1 3
94 7 7
95 6 5
96 2 6
97 1 2
98 1 6
99 1 3
100 5 0
101 4 6
102 0 7
103 5 2
104 4 2
105 2 6
106 3 0
107 7 0
108 4 7
109 5 7
110 2 7
111 3 3
112 1 4
113 5 6
114 0 6
115 1 7
116 7 3
117 0 7
118 7 2
119 0 1
120 6 0
121 4 3
122 2 1
123 0 3
124 5 3
125 6 2
126 0 4
127 4 6
128 1 7
129 5 0
130 3 6
131 2 0
132 0 0
133 3 4
134 7 2
135 0 7
136 3 5
137 4 4
138 4 1
139 7 4
140 6 4
141 1 0
142 4 5
143 1 5
144 6 3
145 3 4
146 4 6
147 7 1
148 5 1
149 6 1
150 1 7
151 6 2
152 1 3
153 0 5
154 3 0
155 7 6
156 2 0
157 7 7
158 1 2
159 1 6
160 5 5
161 6 1
162 6 0
163 2 1
164 3 5
165 3 6
# colocadas=166 ocupadas=64 mayor=34
