0 0 0
1 0 7
2 7 0
3 7 7
4 6 0
5 7 0
6 0 3
7 3 0
8 0 4
9 7 1
10 0 6
11 0 7
12 3 7
13 7 3
14 6 7
15 0 2
16 7 5
17 5 0
18 7 7
19 5 7
20 0 6
21 1 7
22 0 7
23 2 0
24 6 7
25 7 7
26 3 6
27 0 5
28 4 7
29 7 0
30 6 5
31 6 0
32 5 7
33 3 0
34 0 3
35 7 4
36 7 2
37 3 3
38 7 6
39 7 7
40 7 5
41 2 7
42 4 0
43 3 5
44 1 5
45 7 0
46 3 7
47 6 7
48 1 7
49 2 7
50 7 6
51 4 1
52 0 6
53 5 0
54 4 3
55 3 4
56 2 3
57 3 5
58 0 7
59 5 5
60 0 1
61 7 7
62 7 1
63 1 4
64 6 6
65 4 7
66 6 7
67 4 2
68 2 6
69 2 2
70 3 3
71 6 2
72 3 7
73 5 7
74 5 4
75 0 2
76 0 0
77 1 0
78 4 3
79 0 3
80 1 7
81 4 7
82 0 2
83 0 0
84 0 1
85 0 0
86 0 7
87 4 1
88 6 0
89 2 3
90 7 3
91 2 0
92 5 5
93 1 7
94 7 0
95 5 0
96 5 4
97 7 4
98 3 7
99 7 6
100 7 1
101 2 2
102 7 7
103 7 6
104 2 5
105 0 5
106 6 7
107 3 1
108 7 7
109 1 1
110 2 3
111 0 3
112 4 0
113 7 3
114 0 7
115 2 6
116 7 0
117 7 6
118 5 7
119 1 7
120 6 0
121 1 2
122 7 0
123 7 7
124 3 2
125 5 0
126 5 5
127 5 2
128 4 4
129 3 0
130 2 4
131 0 1
132 6 5
133 5 6
134 4 7
135 2 7
136 1 1
137 4 2
138 7 1
139 3 7
140 6 0
141 2 7
142 3 7
143 2 7
144 5 3
145 7 4
146 7 2
147 7 0
148 6 0
149 4 5
150 3 6
151 4 4
152 4 0
153 6 7
154 0 6
155 5 5
156 7 3
157 3 7
158 3 3
159 3 5
160 3 2
161 2 7
162 5 2
163 7 7
164 4 3
165 1 0
166 2 3
167 5 7
168 7 6
169 7 7
170 5 4
171 3 4
172 7 5
173 5 3
174 7 1
175 0 7
176 4 7
177 1 7
178 5 1
179 2 0
180 2 6
181 7 2
182 4 5
183 6 4
184 0 7
185 1 7
186 0 4
187 7 3
188 3 7
189 7 0
190 0 7
191 1 7
192 2 5
193 6 1
194 7 2
195 0 0
196 4 3
197 7 6
198 3 1
199 4 4
200 6 7
201 5 5
202 1 0
203 0 1
204 4 7
205 5 0
206 5 6
207 0 2
208 5 1
209 6 0
210 3 7
211 0 7
212 3 0
213 4 7
214 7 1
215 2 2
216 7 7
217 4 0
218 7 4
219 5 0
220 3 0
221 3 7
222 0 0
223 5 1
224 6 7
225 3 2
226 5 3
227 6 4
228 7 3
229 2 4
230 1 0
231 7 4
232 7 7
233 4 0
234 0 6
235 3 3
236 7 6
237 2 5
238 0 1
239 7 3
240 0 7
241 7 5
242 2 4
243 5 2
244 6 3
245 7 0
246 7 7
247 4 1
248 3 0
249 5 7
250 1 2
251 1 7
252 7 2
253 0 7
254 5 0
255 1 7
256 4 5
257 4 2
258 7 4
259 6 0
260 5 1
261 4 0
262 4 4
263 0 3
264 0 5
265 4 5
266 0 7
267 0 2
268 7 0
269 1 2
270 0 0
271 5 0
272 0 1
273 1 7
274 2 2
275 3 6
276 4 4
277 7 5
278 4 7
279 0 6
280 6 0
281 7 4
282 5 0
283 7 1
284 5 2
285 7 3
286 7 0
287 0 5
288 3 7
289 0 7
290 0 0
291 2 7
292 5 7
293 3 7
294 5 6
295 1 2
296 0 1
297 3 1
298 4 5
299 5 3
300 6 7
301 6 1
302 4 7
303 7 1
304 0 4
305 5 4
306 5 3
307 2 0
308 0 0
309 4 2
310 3 0
311 3 1
312 4 0
313 1 7
314 0 6
315 5 2
316 4 3
317 5 4
318 3 3
319 5 0
320 7 0
321 4 4
322 7 1
323 3 5
324 7 2
325 7 3
326 3 0
327 3 1
328 1 0
329 6 1
330 2 3
331 7 2
332 0 1
333 6 0
334 7 3
335 7 7
336 7 0
337 5 4
338 4 2
339 5 2
340 4 2
341 7 5
342 4 5
343 4 0
344 3 4
345 2 0
346 3 0
347 3 5
348 4 3
349 3 1
350 3 2
351 0 0
352 5 0
353 6 4
354 0 7
355 5 3
356 0 1
357 7 4
358 4 3
359 7 6
360 2 4
361 5 7
362 6 7
363 6 4
364 3 0
365 7 7
366 3 1
367 6 2
368 4 5
369 3 3
370 0 5
371 4 2
372 7 1
373 2 2
374 6 5
375 5 5
376 7 4
377 6 6
378 3 7
379 1 7
380 6 4
381 0 0
382 2 3
383 2 4
384 4 0
385 2 1
386 7 2
387 5 6
388 7 6
389 2 3
390 7 4
391 0 1
392 0 7
393 7 7
394 7 3
395 7 6
396 7 7
397 5 5
398 5 6
399 3 2
# colocadas=400 ocupadas=20 mayor=138
