0 3 3
1 4 4
2 2 4
3 3 5
4 4 2
5 5 3
6 2 2
7 5 5
8 1 3
9 5 6
10 4 3
11 3 1
12 6 4
13 1 2
14 2 5
15 2 4
16 1 5
17 3 4
18 2 4
19 5 5
20 2 1
21 2 3
22 4 6
23 6 5
24 5 2
25 3 1
26 1 4
27 5 6
28 1 6
29 2 5
30 5 5
31 2 1
32 4 6
33 5 1
34 3 6
35 2 6
36 1 5
37 6 2
38 6 6
39 1 3
40 4 5
41 5 6
42 6 1
43 3 1
44 6 3
45 6 5
46 3 3
47 2 4
48 5 3
49 2 2
50 1 6
51 3 4
52 3 3
53 2 1
54 2 5
55 4 1
56 5 4
57 3 1
58 4 1
59 1 4
60 2 4
61 3 5
62 4 5
63 2 6
64 3 2
65 1 1
66 6 6
67 6 2
68 5 6
69 2 3
70 1 5
71 4 3
72 5 2
73 3 4
74 4 4
75 4 6
76 3 6
77 6 2
78 5 3
79 6 3
80 1 4
81 3 1
82 2 1
83 1 5
84 2 2
85 1 4
86 4 7
87 3 5
88 3 6
89 4 6
90 1 6
91 5 2
92 5 3
93 1 5
94 1 6
95 4 1
96 3 1
97 1 3
98 4 3
99 4 4
100 3 3
101 4 2
102 2 6
103 6 4
104 2 5
105 3 6
106 2 4
107 6 5
108 1 2
109 3 5
110 5 1
111 1 3
112 6 1
113 3 2
114 2 1
115 3 4
116 5 4
117 6 6
118 5 6
119 1 2
120 3 3
121 6 4
122 3 7
123 1 3
124 3 6
125 5 1
126 5 2
127 4 2
128 6 6
129 2 5
130 6 5
131 6 1
132 4 6
133 1 2
134 4 5
135 1 5
136 4 3
137 6 4
138 5 5
139 3 3
140 5 4
141 4 1
142 5 6
143 4 6
144 2 2
145 5 2
146 5 1
147 5 2
148 4 5
149 0 4
150 5 3
151 2 3
152 5 4
153 6 4
154 1 4
155 1 1
156 5 4
157 3 1
158 6 6
159 2 6
160 3 6
161 4 4
162 3 4
163 3 3
164 2 4
165 3 4
166 4 4
167 0 4
168 3 5
169 4 6
170 5 1
171 3 4
172 4 1
173 1 4
174 4 5
175 4 2
176 5 6
177 1 2
178 2 1
179 6 2
180 3 6
181 6 3
182 4 6
183 4 0
184 4 4
185 3 4
186 2 3
187 5 6
188 6 1
189 6 4
190 4 6
191 6 5
192 5 1
193 4 3
194 4 1
195 4 2
196 3 5
197 4 4
198 5 3
199 4 0
200 3 4
201 6 1
202 7 2
203 1 6
204 4 5
205 5 4
206 1 3
207 1 5
208 3 2
209 4 3
210 5 5
211 0 1
212 5 6
213 4 5
214 3 1
215 2 4
216 5 1
217 6 4
218 4 2
219 4 3
220 6 6
221 1 6
222 6 5
223 6 6
224 3 4
225 3 5
226 5 6
227 1 1
228 5 3
229 4 2
230 4 4
231 4 6
232 1 5
233 2 2
234 5 5
235 5 4
236 4 1
237 6 2
238 3 1
239 3 3
240 6 5
241 0 1
242 6 4
243 6 1
244 2 1
245 4 3
246 3 2
247 3 1
248 1 1
249 1 6
250 5 6
251 6 2
252 7 3
253 6 1
254 5 5
255 2 5
256 3 2
257 5 6
258 2 3
259 3 1
260 3 3
261 2 4
262 5 5
263 4 1
264 3 2
265 3 1
266 1 3
267 1 5
268 3 6
269 2 5
270 3 4
271 3 2
272 5 4
273 2 2
274 6 4
275 1 5
276 2 3
277 1 6
278 5 2
279 4 6
280 6 3
281 5 1
282 6 2
283 1 2
284 6 3
285 4 3
286 1 1
287 3 6
288 5 2
289 4 5
290 5 6
291 4 4
292 1 5
293 5 1
294 2 5
295 6 6
296 1 4
297 5 6
298 5 3
299 1 2
300 6 1
301 2 2
302 1 3
303 6 6
304 5 4
305 1 5
306 3 3
307 1 4
308 1 2
309 7 3
310 5 3
311 3 4
312 6 3
313 1 1
314 3 1
315 4 6
316 4 1
317 5 4
318 2 1
319 4 2
320 4 4
321 3 2
322 3 1
323 2 6
324 4 5
325 4 3
326 5 1
327 5 6
328 5 2
329 3 6
330 1 3
331 1 2
332 5 3
333 6 6
334 6 4
335 2 4
336 2 3
337 5 6
338 6 5
339 2 5
340 2 4
341 6 4
342 3 4
343 4 4
344 2 1
345 1 1
346 6 2
347 5 4
348 5 3
349 6 0
350 2 2
351 1 6
352 2 4
353 4 5
354 7 2
355 5 2
356 2 1
357 2 5
358 6 2
359 6 5
360 1 4
361 1 5
362 6 1
363 1 3
364 5 1
365 6 4
366 1 6
367 5 4
368 5 2
369 1 5
370 6 0
371 5 3
372 2 3
373 4 2
374 2 2
375 4 4
376 7 3
377 6 1
378 4 3
379 3 4
380 6 5
381 0 4
382 6 3
383 4 4
384 5 5
385 2 5
386 1 1
387 3 2
388 4 2
389 4 1
390 1 5
391 4 2
392 1 4
393 3 1
394 6 0
395 4 3
396 0 3
397 7 2
398 1 6
399 3 3
# colocadas=400 ocupadas=20 mayor=137
