0 1 1
1 1 8
2 8 1
3 8 8
4 1 3
5 1 6
6 7 1
7 8 1
8 3 1
9 4 1
10 3 8
11 6 1
12 6 8
13 8 3
14 7 1
15 8 6
16 2 2
17 2 7
18 7 7
19 2 4
20 1 4
21 4 7
22 5 2
23 7 4
24 3 3
25 3 6
26 6 3
27 6 6
28 4 4
29 5 5
30 8 1
31 1 3
32 7 2
33 6 0
34 3 1
35 4 1
36 8 5
37 5 8
38 2 5
39 5 3
40 0 1
41 1 1
42 6 3
43 7 8
44 3 2
45 0 4
46 6 8
47 5 8
48 7 7
49 1 5
50 3 9
51 3 4
52 4 5
53 0 2
54 3 8
55 5 7
56 4 6
57 7 5
58 3 6
59 8 7
60 0 7
61 2 0
62 4 3
63 2 6
64 3 6
65 5 4
66 4 7
67 9 2
68 9 4
69 6 1
70 5 7
71 3 3
72 1 9
73 5 1
74 3 5
75 6 5
76 2 8
77 3 4
78 0 8
79 2 3
80 4 8
81 5 2
82 2 5
83 8 0
84 6 6
85 9 5
86 4 5
87 8 4
88 7 4
89 2 6
90 8 5
91 4 0
92 2 2
93 3 2
94 1 7
95 1 2
96 3 8
97 2 8
98 7 7
99 8 9
100 4 6
101 5 0
102 8 1
103 6 9
104 0 7
105 4 5
106 1 3
107 9 4
108 6 7
109 3 5
110 2 2
111 3 2
112 1 8
113 1 4
114 1 0
115 0 6
116 8 0
117 1 2
118 1 9
119 4 7
120 5 5
121 0 1
122 7 6
123 8 1
124 2 0
125 1 8
126 7 0
127 6 0
128 7 9
129 4 1
130 5 7
131 5 8
132 8 6
133 2 9
134 3 7
135 5 6
136 7 5
137 1 7
138 3 0
139 4 9
140 6 8
141 7 8
142 0 5
143 3 9
144 7 1
145 4 8
146 8 4
147 4 5
148 5 1
149 2 5
150 7 6
151 7 5
152 7 3
153 6 1
154 0 3
155 5 2
156 1 5
157 5 8
158 3 5
159 9 1
160 1 3
161 6 9
162 8 2
163 0 5
164 7 2
165 8 0
166 3 3
167 9 9
168 8 3
169 1 2
170 8 1
171 2 6
172 6 6
173 7 3
174 9 6
175 7 7
176 6 4
177 6 3
178 8 5
179 0 4
180 0 2
181 1 8
182 1 3
183 5 4
184 1 9
185 3 4
186 2 4
187 9 7
188 0 5
189 6 8
190 5 0
191 1 5
192 2 1
193 2 5
194 1 4
195 9 3
196 1 2
197 2 3
198 8 4
199 5 8
200 7 1
201 7 2
202 5 9
203 0 6
204 7 0
205 7 4
206 5 7
207 8 7
208 8 9
209 9 5
210 7 8
211 6 5
212 4 8
213 8 2
214 4 0
215 1 1
216 3 6
217 6 9
218 0 9
219 1 5
220 7 3
221 4 6
222 1 8
223 7 9
224 4 2
225 3 8
226 1 4
227 7 5
228 6 2
229 1 7
230 1 3
231 0 3
232 4 3
233 1 0
234 5 0
235 3 2
236 6 1
237 9 0
238 0 7
239 7 4
240 6 8
241 6 7
242 3 1
243 6 0
244 9 7
245 6 2
246 8 0
247 2 4
248 5 6
249 4 9
250 4 0
251 1 1
252 0 0
253 6 4
254 7 0
255 4 4
256 3 3
257 8 1
258 5 3
259 4 7
260 6 3
261 0 8
262 5 7
263 8 5
264 0 4
265 6 2
266 5 9
267 2 1
268 7 8
269 3 2
270 6 9
271 6 1
272 3 1
273 1 6
274 9 4
275 7 7
276 6 7
277 4 1
278 3 0
279 5 4
280 4 3
281 5 1
282 5 7
283 2 7
284 2 0
285 3 4
286 5 5
287 5 6
288 9 6
289 4 7
290 3 7
291 4 8
292 0 5
293 9 3
294 6 8
295 3 9
296 8 3
297 7 2
298 4 4
299 7 1
300 6 6
301 4 5
302 6 5
303 7 8
304 0 4
305 7 9
306 7 6
307 5 2
308 7 0
309 9 2
310 4 7
311 6 2
312 7 8
313 7 7
314 4 8
315 8 4
316 3 0
317 6 0
318 5 3
319 1 4
320 9 8
321 7 5
322 0 7
323 2 0
324 4 7
325 6 5
326 6 4
327 5 8
328 2 2
329 8 5
330 6 7
331 0 2
332 8 6
333 5 7
334 5 2
335 5 9
336 0 1
337 3 4
338 4 6
339 6 9
340 2 5
341 1 1
342 3 6
343 2 1
344 9 6
345 7 9
346 4 7
347 1 2
348 2 4
349 2 3
350 8 9
351 3 3
352 1 1
353 9 7
354 6 3
355 9 5
356 0 2
357 5 5
358 8 5
359 1 0
360 2 6
361 2 4
362 1 4
363 4 2
364 9 5
365 1 7
366 4 9
367 9 6
368 6 1
369 8 0
370 2 1
371 5 7
372 5 1
373 6 1
374 9 3
375 5 4
376 0 4
377 7 3
378 2 7
379 2 2
380 5 3
381 9 8
382 0 6
383 4 7
384 6 3
385 7 9
386 6 8
387 9 5
388 3 9
389 4 8
390 6 7
391 3 7
392 1 2
393 2 7
394 3 5
395 5 5
396 8 3
397 2 4
398 5 4
399 2 1
400 4 9
401 1 4
402 6 9
403 9 4
404 1 6
405 8 1
406 3 1
407 4 1
408 0 3
409 2 8
410 3 8
411 3 2
412 5 8
413 4 2
414 7 3
415 6 8
416 6 3
417 3 1
418 4 0
419 6 9
420 5 0
421 7 1
422 2 6
423 4 3
424 3 7
425 4 5
426 8 8
427 0 2
428 8 9
429 3 5
430 5 9
431 2 5
432 3 6
433 4 7
434 7 4
435 6 2
436 3 2
437 2 4
438 9 3
439 9 9
440 6 0
441 9 2
442 4 9
443 1 2
444 0 4
445 5 0
446 6 5
447 7 7
448 3 7
449 0 0
450 8 9
451 5 9
452 8 8
453 9 8
454 6 9
455 7 5
456 3 3
457 3 2
458 7 2
459 3 6
460 1 0
461 7 3
462 4 6
# colocadas=463 ocupadas=100 mayor=71
