0 0 0
1 0 1
2 0 2
3 0 3
4 0 4
5 0 5
6 0 6
7 0 7
8 1 0
9 1 1
10 1 2
11 1 3
12 1 6
13 0 6
14 1 4
15 1 5
16 1 7
17 0 7
18 2 0
19 2 1
20 2 2
21 2 3
22 3 0
23 2 0
24 2 2
25 2 4
26 2 5
27 2 6
28 2 7
29 3 1
30 3 2
31 3 3
32 3 4
33 3 5
34 3 6
35 3 7
36 4 0
37 4 1
38 4 2
39 4 3
40 4 4
41 4 5
42 4 6
43 4 7
44 5 2
45 4 2
46 5 0
47 5 1
48 5 3
49 5 4
50 5 5
51 5 6
52 5 7
53 6 5
54 5 5
55 6 0
56 6 1
57 6 2
58 6 3
59 6 4
60 6 6
61 7 0
62 7 1
63 7 2
64 7 3
65 7 4
66 6 7
67 7 5
68 7 7
69 7 6
70 6 7
71 5 7
# colocadas=72 ocupadas=64 mayor=17
