0 0 0
1 0 1
2 0 2
3 0 3
4 0 4
5 0 5
6 0 6
7 0 7
8 1 0
9 1 2
10 0 2
11 1 1
12 1 3
13 1 4
14 1 5
15 1 6
16 1 7
17 2 0
18 2 3
19 1 3
20 2 1
21 2 2
22 3 2
23 2 2
24 2 4
25 2 5
26 2 6
27 3 4
28 2 4
29 2 7
30 3 0
31 3 1
32 3 3
33 3 5
34 4 2
35 3 2
36 3 6
37 3 7
38 4 0
39 4 1
40 4 3
41 4 4
42 4 5
43 4 6
44 4 7
45 5 0
46 5 1
47 5 2
48 5 7
49 4 2
50 4 3
51 4 7
52 5 3
53 5 4
54 5 5
55 5 6
56 6 0
57 6 1
58 6 2
59 6 3
60 6 4
61 6 6
62 5 6
63 6 5
64 6 6
65 7 4
66 6 4
67 6 7
68 7 0
69 7 6
70 7 3
71 6 3
72 6 6
73 7 1
74 7 2
75 7 5
76 7 7
# colocadas=77 ocupadas=64 mayor=31
