0 3 3
1 4 4
2 2 4
3 3 5
4 1 4
5 4 2
6 5 3
7 2 2
8 5 5
9 3 1
10 4 6
11 2 5
12 1 2
13 6 4
14 5 1
15 6 2
16 1 6
17 6 6
18 2 3
19 3 6
20 5 6
21 5 5
22 3 4
23 4 5
24 4 4
25 1 1
26 0 3
27 4 0
28 4 7
29 4 3
30 7 3
31 3 2
32 2 1
33 0 5
34 2 7
35 1 3
36 7 5
37 3 1
38 5 7
39 2 4
40 2 5
41 6 0
42 1 7
43 7 1
44 3 2
45 3 7
46 2 0
47 0 1
48 5 2
49 1 4
50 4 1
51 7 7
52 2 6
53 4 6
54 5 4
55 3 5
56 5 6
57 4 7
58 3 7
59 1 3
60 0 6
61 0 4
62 4 2
63 0 0
64 4 1
65 4 5
66 3 5
67 3 4
68 7 6
69 6 3
70 6 6
71 0 5
72 0 6
73 2 2
74 3 0
75 2 7
76 7 4
77 1 0
78 0 2
79 1 5
80 6 1
81 2 0
82 0 3
83 1 4
84 2 4
85 7 6
86 5 0
87 5 1
88 3 0
89 0 7
90 6 6
91 4 6
92 7 2
93 7 6
94 0 2
95 3 4
96 5 0
97 4 2
98 4 5
99 0 4
100 3 7
101 7 0
102 5 1
103 7 1
104 7 2
105 0 5
106 6 6
107 5 6
108 3 3
109 7 3
110 3 2
111 3 3
112 2 1
113 4 6
114 6 5
115 0 0
116 2 2
117 0 6
118 7 2
119 6 7
120 1 2
121 6 4
122 5 3
123 7 1
124 4 7
125 5 7
126 4 3
127 6 7
128 1 0
129 6 1
130 5 3
131 6 0
132 3 2
133 6 6
134 3 3
135 5 4
136 5 2
137 1 7
138 1 3
139 5 1
140 6 4
141 5 6
142 4 6
143 6 5
144 1 6
# colocadas=145 ocupadas=64 mayor=39
