0 1 1
1 1 6
2 6 1
3 5 1
4 6 6
5 6 1
6 1 3
7 3 1
8 3 6
9 6 3
10 2 2
11 2 5
12 5 2
13 1 4
14 5 5
15 3 3
16 4 6
17 4 2
18 4 4
19 6 4
20 5 3
21 5 6
22 0 2
23 5 2
24 2 3
25 5 5
26 6 7
27 5 3
28 3 4
29 7 6
30 5 1
31 0 4
32 6 2
33 5 2
34 4 2
35 3 5
36 6 1
37 1 4
38 5 0
39 4 0
40 6 3
41 6 0
42 3 6
43 3 5
44 5 1
45 6 5
46 3 7
47 7 7
48 5 6
49 6 1
50 0 4
51 1 0
52 5 1
53 5 4
54 3 0
55 7 6
56 5 7
57 5 5
58 3 4
59 4 4
60 5 2
61 2 1
62 4 6
63 6 6
64 5 1
65 3 2
66 1 5
67 4 2
68 2 5
69 2 6
70 6 5
71 1 2
72 3 4
73 3 2
74 7 0
75 4 7
76 1 6
77 3 6
78 4 0
79 0 2
80 6 2
81 1 3
82 6 7
83 0 1
84 4 6
85 2 0
86 2 5
87 1 5
88 1 1
89 6 0
90 5 6
91 5 2
92 5 7
93 6 4
94 2 5
95 6 6
96 4 5
97 6 1
98 7 7
99 7 1
100 3 1
101 6 1
102 5 5
103 1 2
104 4 2
105 7 6
106 6 6
107 7 0
108 5 3
109 7 6
110 0 0
111 6 7
112 6 6
113 5 0
114 0 5
115 4 7
116 2 4
117 2 1
118 6 2
119 7 1
120 0 3
121 1 3
122 7 5
123 0 1
124 4 1
125 4 2
126 4 1
127 3 2
128 4 2
129 7 0
130 3 1
131 1 7
132 2 0
133 1 6
134 0 3
135 1 1
136 7 4
137 2 2
138 0 1
139 6 3
140 4 3
141 1 2
142 1 3
143 1 0
144 4 2
145 6 4
146 1 7
147 6 1
148 0 2
149 1 6
150 5 3
151 2 5
152 4 1
153 0 1
154 7 6
155 6 7
156 7 1
157 2 6
158 7 4
159 0 0
160 0 4
161 6 2
162 0 6
163 2 3
164 6 6
165 4 3
166 1 5
167 2 0
168 3 6
169 1 3
170 5 1
171 2 3
172 0 1
173 7 6
174 6 0
175 0 7
176 3 2
177 6 3
178 6 4
179 4 1
180 5 1
181 4 1
182 7 4
183 6 2
184 1 3
185 2 3
186 6 4
187 1 1
188 3 0
189 7 4
190 1 6
191 1 4
192 0 6
193 5 1
194 1 7
195 6 3
196 6 1
197 0 2
198 4 6
199 4 1
200 7 2
201 1 2
202 2 2
203 0 1
204 2 0
205 1 1
206 1 0
207 5 3
208 3 0
209 6 6
210 6 4
211 4 2
212 5 2
213 1 6
214 2 6
215 4 3
216 5 3
217 4 3
218 0 7
219 1 2
220 0 6
221 1 7
222 5 7
223 5 3
224 4 7
225 5 7
226 1 1
227 0 5
228 4 7
229 6 2
230 7 5
231 0 7
232 4 5
233 3 5
234 7 4
235 2 2
236 6 0
237 4 5
238 4 2
239 7 5
240 5 1
241 3 3
242 3 6
243 5 4
244 6 4
245 3 4
246 1 6
247 0 2
248 5 7
249 7 2
250 1 5
251 5 6
252 7 0
253 3 3
254 2 6
255 4 1
256 3 6
257 2 5
258 2 4
259 1 0
260 1 5
261 1 3
262 1 2
263 2 1
264 0 0
265 6 6
266 5 5
267 4 5
268 6 5
269 7 4
270 4 2
271 7 6
272 1 6
273 0 6
274 1 4
275 6 2
276 1 0
277 6 6
278 6 4
279 1 7
280 4 1
281 6 0
282 0 1
283 5 6
284 6 7
285 0 0
286 0 1
287 4 2
288 1 1
289 2 6
290 4 6
291 5 5
292 2 3
293 3 1
294 0 0
295 2 7
296 6 5
297 0 2
298 5 6
299 1 0
300 0 3
301 3 2
302 1 5
303 7 7
304 4 0
305 4 5
306 7 2
307 3 0
308 6 7
309 3 6
310 0 2
311 0 3
312 4 0
313 7 0
314 6 4
315 4 4
316 0 2
317 6 2
318 5 0
319 1 3
320 4 5
321 6 5
322 1 7
323 7 1
324 2 7
325 5 4
326 3 5
327 4 6
328 4 1
329 5 1
330 1 6
331 3 4
332 4 1
333 2 5
334 5 7
335 6 7
336 3 0
337 5 1
338 3 3
339 3 7
340 2 2
341 6 3
342 3 2
343 1 4
344 0 3
345 0 2
346 7 2
347 6 0
348 7 5
349 7 0
350 0 6
351 4 0
352 7 6
353 5 7
354 6 2
355 3 6
356 6 0
357 2 7
358 6 3
359 2 1
360 1 3
361 0 1
362 1 1
363 6 4
364 1 0
365 0 2
366 7 1
367 6 2
368 5 3
369 5 6
370 7 0
371 5 0
372 3 0
373 1 1
374 1 0
375 0 1
376 7 1
377 0 2
378 6 6
379 7 4
380 4 2
381 5 7
382 1 5
383 7 0
384 4 7
385 5 4
386 1 6
387 3 1
388 3 5
389 5 7
390 6 3
391 0 6
392 0 1
393 5 2
394 3 6
395 2 5
396 6 1
397 7 5
398 6 4
399 5 4
# colocadas=400 ocupadas=20 mayor=126
