0 0 0
1 0 9
2 9 0
3 9 9
4 0 4
5 4 0
6 4 9
7 9 4
8 0 6
9 6 0
10 4 4
11 4 5
12 6 9
13 9 6
14 4 4
15 0 2
16 8 0
17 5 5
18 5 6
19 2 0
20 2 9
21 9 2
22 9 0
23 3 5
24 5 3
25 6 4
26 3 3
27 2 4
28 4 2
29 4 7
30 7 5
31 2 6
32 6 2
33 6 7
34 7 0
35 7 3
36 5 0
37 8 9
38 9 8
39 1 5
40 2 3
41 5 9
42 5 5
43 3 1
44 1 0
45 8 4
46 3 8
47 0 3
48 1 7
49 2 7
50 7 8
51 8 7
52 0 4
53 3 0
54 3 6
55 4 5
56 2 1
57 9 4
58 0 8
59 0 9
60 1 9
61 6 9
62 5 7
63 2 9
64 4 0
65 3 0
66 3 4
67 2 5
68 9 1
69 9 0
70 9 9
71 4 6
72 5 9
73 7 6
74 4 9
75 0 7
76 1 3
77 1 8
78 1 9
79 8 9
80 4 4
81 2 4
82 0 1
83 0 2
84 4 7
85 7 5
86 1 6
87 3 9
88 2 2
89 0 8
90 9 7
91 4 5
92 1 7
93 7 9
94 4 1
95 2 0
96 4 2
97 6 8
98 8 2
99 9 3
100 8 1
101 6 9
102 3 4
103 0 9
104 6 1
105 1 9
106 5 8
107 1 0
108 5 4
109 0 5
110 0 9
111 4 1
112 4 0
113 5 3
114 5 0
115 0 0
116 2 4
117 9 5
118 3 5
119 0 7
120 3 6
121 2 8
122 4 3
123 1 0
124 8 0
125 6 0
126 1 8
127 8 8
128 4 6
129 0 8
130 0 0
131 1 5
132 9 2
133 3 8
134 0 9
135 5 0
136 7 8
137 7 0
138 3 7
139 6 5
140 8 6
141 3 8
142 2 5
143 4 4
144 8 3
145 9 1
146 0 6
147 6 4
148 0 3
149 6 0
150 7 9
151 6 3
152 7 4
153 5 1
154 3 1
155 3 0
156 0 7
157 8 9
158 4 8
159 1 3
160 5 9
161 2 6
162 9 9
163 0 3
164 5 6
165 6 8
166 5 0
167 9 3
168 0 2
169 3 6
170 6 0
171 0 1
172 5 8
173 2 8
174 2 7
175 2 9
176 9 2
177 7 1
178 1 8
179 2 4
180 3 7
181 2 0
182 1 9
183 5 3
184 7 0
185 9 1
186 2 3
187 5 2
188 1 3
189 1 2
190 4 5
191 5 7
192 3 2
193 7 3
194 0 6
195 7 7
196 3 1
197 6 4
198 3 5
199 3 0
200 9 6
201 1 7
202 0 0
203 1 0
204 9 8
205 8 0
206 6 1
207 4 0
208 3 0
209 6 3
210 7 6
211 4 4
212 8 1
213 0 0
214 6 6
215 9 9
216 2 1
217 7 2
218 2 3
219 0 2
220 6 2
221 1 2
222 0 1
223 0 7
224 1 8
225 5 3
226 2 0
227 5 4
228 6 9
229 2 5
230 6 0
231 7 1
232 9 2
233 6 8
234 7 8
235 3 4
236 7 2
237 3 5
238 7 7
239 5 0
240 1 1
241 8 6
242 7 3
243 5 6
244 9 4
245 6 7
246 5 7
247 4 7
248 4 0
249 9 8
250 4 9
251 8 7
252 1 3
253 0 5
254 9 7
255 2 2
256 2 3
257 5 8
258 2 1
259 8 3
260 2 7
261 6 1
262 7 3
263 0 4
264 7 4
265 1 1
266 0 3
267 7 7
268 7 5
269 8 2
270 0 8
271 2 2
272 8 4
273 5 9
274 8 7
275 2 5
276 4 9
277 9 4
278 4 3
279 7 6
280 7 2
281 8 4
282 8 6
283 4 4
284 3 0
285 0 5
286 4 6
287 0 1
288 1 3
289 4 0
290 1 2
291 5 0
292 8 2
293 4 2
294 3 2
295 2 8
296 2 3
297 8 1
298 1 9
299 2 1
300 2 2
301 3 7
302 4 2
303 6 0
304 2 1
305 0 2
306 1 4
307 5 4
308 6 1
309 0 9
310 3 6
311 4 7
312 5 9
313 5 3
314 4 6
315 6 4
316 1 5
317 8 8
318 3 2
319 5 5
320 2 0
321 2 5
322 6 5
323 3 7
324 8 7
325 4 8
326 4 5
327 6 2
328 9 2
329 0 7
330 9 6
331 7 2
332 6 6
333 2 9
334 3 1
335 1 0
336 4 4
337 1 3
338 1 6
339 2 4
340 0 0
341 6 8
342 0 3
343 3 5
344 3 6
345 7 7
346 1 5
347 1 9
348 6 9
349 0 9
350 5 4
351 5 8
352 6 8
353 1 7
354 0 5
355 6 7
356 0 1
357 5 1
358 0 7
359 3 8
360 3 9
361 8 3
362 6 3
363 6 2
364 2 9
365 0 2
366 3 4
367 5 7
368 5 6
369 3 0
370 4 7
371 1 7
372 8 5
373 5 9
374 4 6
375 1 3
376 0 6
377 7 2
378 0 7
379 4 7
380 3 1
381 4 9
382 9 5
383 5 2
384 3 9
385 7 8
386 3 8
387 0 3
388 1 4
389 0 5
390 7 7
391 9 3
392 0 6
393 5 3
394 6 7
395 2 6
396 8 2
397 4 6
398 2 1
399 8 6
400 3 5
401 7 1
402 1 3
403 5 7
404 5 5
405 7 0
406 6 4
407 7 5
408 3 9
409 6 0
410 5 2
411 0 2
412 0 3
413 5 4
414 2 2
415 0 1
416 5 3
417 6 4
418 2 3
419 0 7
420 3 7
421 7 6
422 7 3
423 5 0
424 4 5
425 3 6
426 6 9
427 1 3
428 1 2
429 5 6
430 0 4
431 7 4
432 5 7
433 3 7
434 0 5
435 1 1
436 5 2
437 7 7
438 4 0
439 7 3
440 8 5
441 9 5
442 5 8
443 9 8
444 2 2
445 7 2
446 1 7
447 7 6
448 2 7
449 2 1
450 3 8
451 5 9
452 4 2
453 6 9
454 4 6
455 8 3
456 7 5
457 4 3
458 2 3
459 5 3
460 5 4
461 5 3
462 3 3
# colocadas=463 ocupadas=100 mayor=83
