0 0 0
1 0 1
2 0 2
3 0 3
4 0 2
5 0 4
6 0 3
7 0 5
8 0 6
9 0 7
10 1 0
11 1 1
12 1 2
13 1 3
14 0 3
15 1 4
16 1 6
17 2 2
18 0 6
19 1 7
20 0 7
21 1 2
22 1 5
23 2 0
24 2 1
25 2 3
26 2 4
27 3 0
28 2 0
29 2 5
30 2 6
31 2 7
32 3 1
33 3 2
34 2 2
35 3 3
36 4 1
37 3 7
38 2 7
39 2 6
40 3 1
41 4 0
42 3 0
43 2 0
44 4 2
45 2 7
46 3 2
47 3 5
48 1 7
49 4 1
50 3 6
51 1 6
52 4 2
53 3 3
54 2 5
55 3 4
56 2 3
57 4 3
58 2 4
59 2 6
60 4 1
61 3 3
62 3 5
63 3 7
64 4 2
65 2 7
66 4 1
67 4 4
68 4 5
69 4 6
70 4 7
71 3 7
72 4 5
73 5 4
74 5 0
75 4 0
76 5 1
77 3 0
78 4 1
79 4 4
80 5 2
81 5 3
82 5 5
83 5 6
84 5 7
85 6 0
86 6 1
87 6 2
88 6 1
89 6 3
90 6 7
91 5 7
92 6 6
93 6 4
94 7 2
95 6 2
96 6 7
97 7 0
98 6 5
99 7 1
100 5 5
101 7 0
102 7 7
103 7 1
104 6 7
105 6 1
106 6 2
107 7 3
108 5 7
109 7 5
110 5 4
111 4 4
112 6 3
113 3 4
114 6 5
115 7 6
116 7 4
117 6 1
118 6 2
119 6 0
120 5 2
121 5 3
122 5 0
123 6 6
124 5 2
125 4 2
126 5 2
127 5 6
128 5 5
129 5 6
130 4 2
131 5 2
132 5 1
133 6 1
# colocadas=134 ocupadas=64 mayor=59
