0 0 0
1 0 4
2 4 0
3 3 0
4 0 1
5 4 0
6 3 0
7 4 4
8 0 0
9 0 3
10 3 4
11 0 4
12 4 2
13 1 0
14 4 1
15 0 0
16 2 0
17 4 4
18 3 0
19 3 4
20 0 3
21 1 0
22 4 0
23 4 2
24 4 4
25 0 0
26 4 1
27 2 0
28 3 0
29 1 0
30 0 4
31 3 4
32 4 4
33 3 4
34 4 0
35 2 0
36 3 0
37 0 3
38 2 1
39 4 2
40 2 2
41 4 1
42 4 4
43 0 4
44 1 2
45 4 0
46 0 3
47 2 2
48 0 1
49 0 0
50 0 1
51 3 4
52 3 0
53 0 4
54 4 0
55 1 2
56 4 4
57 3 0
58 0 0
59 3 4
60 4 0
61 3 0
62 4 4
63 0 1
64 2 0
65 0 3
66 0 4
67 3 4
68 4 4
69 1 0
70 0 0
71 3 4
72 4 0
73 0 3
74 2 2
75 3 0
76 1 1
77 0 4
78 0 3
79 4 4
80 0 4
81 4 0
82 0 1
83 3 4
84 2 3
85 2 2
86 1 0
87 0 0
88 3 0
89 0 3
90 0 4
91 0 2
92 4 0
93 2 1
94 0 3
95 3 0
96 4 0
97 0 2
98 2 0
99 0 1
100 1 0
101 4 4
102 2 0
103 0 0
104 3 4
105 0 1
106 1 0
107 3 0
108 1 2
109 4 0
110 3 0
111 0 3
112 0 0
113 0 2
114 2 2
115 4 4
116 3 4
117 4 4
118 2 1
119 4 0
120 2 0
121 4 1
122 3 4
123 4 4
124 1 2
125 0 1
126 0 4
127 2 2
128 0 3
129 0 4
130 1 0
131 0 3
132 0 4
133 2 0
134 0 0
135 1 2
136 0 3
137 0 2
138 3 0
139 0 1
140 4 2
141 4 0
142 3 4
143 0 4
144 4 4
145 0 3
146 0 4
147 4 3
148 3 0
149 4 0
# colocadas=150 ocupadas=6 mayor=153
