0 0 0
1 0 1
2 0 0
3 0 2
4 1 0
5 0 0
6 1 1
7 0 3
8 1 0
9 0 4
10 1 2
11 0 2
12 1 1
13 1 3
14 0 3
15 0 1
16 0 2
17 1 2
18 1 0
19 0 2
20 0 3
21 1 1
22 0 1
23 2 1
24 1 1
25 0 4
26 1 4
27 0 4
28 0 3
29 2 0
30 1 0
31 1 3
32 1 2
33 0 4
34 2 0
35 1 4
36 0 4
37 1 3
38 1 0
39 1 2
40 0 2
41 0 1
42 2 1
43 1 4
44 0 2
45 1 1
46 0 1
47 1 0
48 0 0
49 1 0
50 1 1
51 1 0
52 1 1
53 0 2
54 0 1
55 2 0
56 1 3
57 1 4
58 0 3
59 0 2
60 0 3
61 1 0
62 1 3
63 0 2
64 1 2
65 1 1
66 1 2
67 2 2
68 1 3
69 0 0
70 1 1
71 0 1
72 0 3
73 1 2
74 1 0
75 0 2
76 0 0
77 0 1
78 1 2
79 0 2
80 1 1
81 2 1
82 2 0
83 0 1
84 1 1
85 0 1
86 0 0
87 1 0
88 2 1
89 1 1
90 1 2
91 1 4
92 1 1
93 2 0
94 0 4
95 0 1
96 0 3
97 1 0
98 2 1
99 0 0
100 1 1
101 2 0
102 1 0
103 1 3
104 0 1
105 0 2
106 0 3
107 0 1
108 0 2
109 0 3
110 2 0
111 1 1
112 0 1
113 1 3
114 0 0
115 0 1
116 1 2
117 0 2
118 1 0
119 0 3
120 2 1
121 1 1
122 0 0
123 1 0
124 0 0
125 0 4
126 0 3
127 0 2
128 0 1
129 1 4
130 0 4
131 1 0
132 1 3
133 0 3
134 1 1
135 0 2
136 0 0
137 1 0
138 1 2
139 0 0
140 1 4
141 0 3
142 0 4
143 1 0
144 0 0
145 2 3
146 0 1
147 1 4
148 0 2
149 0 3
# colocadas=150 ocupadas=6 mayor=156
