0 0 0
1 0 1
2 0 2
3 0 3
4 0 4
5 0 5
6 0 6
7 0 7
8 0 8
9 0 9
10 1 0
11 1 1
12 1 2
13 0 2
14 1 3
15 1 4
16 1 5
17 1 4
18 1 6
19 1 7
20 2 4
21 1 4
22 1 8
23 2 0
24 1 0
25 1 9
26 2 1
27 2 2
28 3 0
29 2 0
30 2 3
31 2 4
32 2 5
33 2 6
34 3 1
35 2 1
36 2 7
37 2 8
38 2 9
39 3 2
40 3 3
41 3 4
42 3 5
43 3 6
44 3 7
45 4 3
46 3 3
47 3 8
48 2 8
49 3 9
50 4 0
51 4 9
52 3 9
53 4 1
54 4 2
55 4 4
56 4 5
57 4 6
58 5 4
59 5 0
60 4 0
61 4 8
62 4 4
63 5 5
64 4 5
65 4 7
66 4 9
67 5 1
68 5 2
69 5 3
70 5 6
71 5 7
72 5 8
73 5 9
74 6 0
75 6 1
76 6 2
77 6 3
78 6 4
79 6 5
80 6 6
81 6 7
82 6 8
83 6 9
84 7 0
85 7 1
86 7 5
87 6 5
88 7 2
89 7 3
90 7 4
91 7 6
92 7 7
93 7 8
94 7 9
95 8 0
96 8 1
97 8 2
98 8 3
99 8 6
100 7 6
101 8 4
102 8 5
103 8 7
104 8 6
105 8 8
106 9 0
107 8 0
108 9 1
109 9 2
110 9 3
111 9 4
112 8 9
113 9 5
114 7 9
115 9 7
116 9 6
117 9 5
118 9 8
119 9 9
# colocadas=120 ocupadas=100 mayor=23
