0 3 3
1 4 4
2 2 4
3 3 5
4 4 2
5 5 3
6 2 2
7 5 5
8 1 3
9 3 1
10 4 6
11 6 4
12 1 2
13 1 5
14 2 6
15 5 1
16 5 6
17 6 2
18 2 2
19 3 4
20 0 4
21 0 3
22 2 1
23 3 7
24 4 0
25 1 4
26 7 3
27 1 5
28 6 5
29 5 5
30 5 7
31 0 1
32 5 6
33 4 6
34 0 6
35 2 5
36 1 0
37 3 0
38 1 7
39 2 3
40 6 0
41 7 1
42 4 3
43 5 2
44 2 7
45 7 5
46 3 5
47 0 0
48 2 4
49 6 2
50 0 4
51 1 3
52 4 0
53 0 3
54 0 4
55 4 5
56 6 6
57 7 2
58 7 7
59 6 3
60 4 7
61 5 3
62 0 7
63 7 0
64 1 7
65 1 1
66 2 0
67 5 2
68 3 0
69 3 6
70 4 1
71 6 5
72 4 6
73 2 7
74 6 7
75 5 0
76 4 7
77 2 6
78 6 0
79 5 0
80 2 2
81 2 1
82 0 5
83 7 6
84 0 2
85 6 1
86 5 4
87 6 2
88 2 5
89 6 6
90 2 4
91 1 5
92 0 1
93 7 4
94 3 2
95 3 4
96 4 4
97 1 4
98 4 2
99 2 0
100 0 5
101 1 6
102 4 0
103 5 2
104 5 1
105 2 6
106 5 0
107 5 3
108 0 6
109 7 2
110 7 1
111 3 4
112 7 0
113 5 4
114 0 0
115 4 1
116 4 0
117 3 3
118 3 0
119 4 6
120 6 5
121 7 1
122 6 1
123 0 1
124 0 5
125 1 1
126 5 6
127 3 4
128 6 2
129 2 7
130 2 4
131 3 4
132 3 7
133 7 2
134 4 6
135 2 7
136 4 5
137 7 1
# colocadas=138 ocupadas=64 mayor=37
