0 0 0
1 0 1
2 0 2
3 0 3
4 1 0
5 0 2
6 0 3
7 0 0
8 0 2
9 1 1
10 0 1
11 1 2
12 0 4
13 1 1
14 1 4
15 2 1
16 0 4
17 0 0
18 0 3
19 0 1
20 1 1
21 1 2
22 0 2
23 0 4
24 0 0
25 2 0
26 0 3
27 2 2
28 0 1
29 1 2
30 2 1
31 1 0
32 0 0
33 1 0
34 0 0
35 0 2
36 0 1
37 1 1
38 1 2
39 0 2
40 1 3
41 0 3
42 0 0
43 1 0
44 1 2
45 0 2
46 1 1
47 1 3
48 1 0
49 2 0
50 1 0
51 0 1
52 1 2
53 2 1
54 0 2
55 1 2
56 0 0
57 0 1
58 1 1
59 1 0
60 0 0
61 0 1
62 0 0
63 1 0
64 0 2
65 1 1
66 2 1
67 0 1
68 0 0
69 0 1
70 1 1
71 1 0
72 0 2
73 2 0
74 1 3
75 0 3
76 0 0
77 2 1
78 2 2
79 2 0
80 1 2
81 0 2
82 0 1
83 2 1
84 0 3
85 0 4
86 1 0
87 0 0
88 0 3
89 0 2
90 1 2
91 0 2
92 1 3
93 0 3
94 0 1
95 1 4
96 0 4
97 0 2
98 1 3
99 0 1
100 0 3
101 1 1
102 1 3
103 0 0
104 0 1
105 1 0
106 2 3
107 1 4
108 0 3
109 0 4
110 1 4
111 0 2
112 1 3
113 0 0
114 0 4
115 1 1
116 0 1
117 1 1
118 0 3
119 2 4
120 0 4
121 1 4
122 0 1
123 1 1
124 0 1
125 1 2
126 0 3
127 0 0
128 0 2
129 0 1
130 0 3
131 0 2
132 0 1
133 0 2
134 1 3
135 1 0
136 0 0
137 2 0
138 0 1
139 0 3
140 0 4
141 0 2
142 0 1
143 1 0
144 0 0
145 1 1
146 0 1
147 1 4
148 1 2
149 0 2
# colocadas=150 ocupadas=6 mayor=153
