0 0 0
1 0 1
2 0 2
3 0 3
4 1 2
5 0 2
6 0 4
7 0 5
8 0 6
9 0 7
10 1 0
11 1 3
12 1 5
13 0 3
14 0 5
15 1 1
16 1 4
17 1 6
18 1 7
19 2 0
20 1 0
21 2 1
22 2 2
23 2 3
24 3 2
25 2 2
26 2 4
27 2 5
28 2 6
29 2 7
30 3 0
31 3 1
32 3 3
33 3 4
34 3 5
35 3 6
36 3 7
37 4 1
38 3 1
39 4 0
40 4 2
41 4 3
42 4 5
43 3 5
44 4 4
45 4 6
46 4 7
47 5 0
48 5 1
49 5 2
50 5 3
51 5 4
52 5 5
53 5 6
54 5 7
55 6 0
56 6 6
57 5 6
58 4 6
59 6 1
60 6 2
61 6 3
62 6 4
63 6 5
64 7 4
65 7 0
66 6 0
67 6 4
68 6 7
69 7 1
70 7 7
71 7 2
72 6 2
73 6 7
74 7 3
75 7 5
76 7 6
# colocadas=77 ocupadas=64 mayor=18
