0 0 0
1 0 1
2 0 2
3 0 3
4 0 4
5 0 5
6 0 6
7 0 7
8 0 8
9 0 9
10 1 0
11 1 1
12 1 0
13 1 2
14 2 1
15 1 1
16 1 3
17 1 4
18 1 5
19 1 4
20 1 6
21 1 7
22 1 8
23 1 9
24 2 0
25 2 2
26 2 3
27 2 4
28 2 5
29 2 6
30 2 7
31 2 8
32 2 9
33 3 0
34 3 1
35 3 2
36 3 3
37 3 4
38 3 5
39 3 6
40 3 7
41 3 8
42 3 9
43 4 0
44 4 1
45 4 2
46 4 3
47 4 4
48 4 5
49 4 6
50 4 7
51 4 8
52 4 9
53 5 0
54 4 0
55 5 1
56 5 2
57 5 3
58 5 4
59 5 5
60 5 6
61 5 7
62 5 8
63 5 9
64 6 0
65 5 0
66 6 1
67 6 2
68 6 3
69 6 4
70 6 5
71 6 6
72 6 7
73 6 8
74 6 9
75 7 0
76 7 1
77 7 2
78 7 3
79 7 2
80 7 4
81 7 5
82 7 6
83 7 7
84 7 8
85 7 9
86 8 0
87 8 1
88 8 2
89 8 3
90 8 4
91 8 5
92 8 6
93 8 7
94 8 8
95 8 9
96 9 8
97 9 0
98 8 8
99 9 2
100 9 3
101 9 4
102 9 5
103 9 6
104 9 9
105 9 7
106 9 1
107 9 0
108 9 6
# colocadas=109 ocupadas=100 mayor=19
