0 0 0
1 0 1
2 0 0
3 0 2
4 0 3
5 0 4
6 0 3
7 1 0
8 1 2
9 0 2
10 1 1
11 0 3
12 1 2
13 0 2
14 1 4
15 0 4
16 1 2
17 1 3
18 2 1
19 1 1
20 0 3
21 0 4
22 1 2
23 0 3
24 1 1
25 2 1
26 0 2
27 1 1
28 1 0
29 1 2
30 1 1
31 1 4
32 2 1
33 0 2
34 0 4
35 1 1
36 0 3
37 2 0
38 1 4
39 0 2
40 1 0
41 0 4
42 0 3
43 2 0
44 0 4
45 1 0
46 2 0
47 1 0
48 0 0
49 2 1
50 0 1
51 1 1
52 2 0
53 2 2
54 1 2
55 1 4
56 2 1
57 2 0
58 1 0
59 0 0
60 1 0
61 3 1
62 2 1
63 0 0
64 0 1
65 0 2
66 1 1
67 1 3
68 2 1
69 2 0
70 1 2
71 2 1
72 0 2
73 2 0
74 0 1
75 0 2
76 0 3
77 1 3
78 0 3
79 0 2
80 0 4
81 2 1
82 2 0
83 2 1
84 0 1
85 0 0
86 0 1
87 2 0
88 1 1
89 0 1
90 0 3
91 1 2
92 0 2
93 0 1
94 0 0
95 1 0
96 1 1
97 2 1
98 2 0
99 0 0
100 1 0
101 0 4
102 0 3
103 0 0
104 0 1
105 1 3
106 0 2
107 0 3
108 1 3
109 0 1
110 0 3
111 2 1
112 1 2
113 0 0
114 0 2
115 0 3
116 0 1
117 2 2
118 1 1
119 1 0
120 2 1
121 2 2
122 2 0
123 2 1
124 1 0
125 0 2
126 3 1
127 2 0
128 0 0
129 0 1
130 0 0
131 2 1
132 0 1
133 0 2
134 3 0
135 1 1
136 0 1
137 2 2
138 1 0
139 0 0
140 1 1
141 3 1
142 0 1
143 1 2
144 2 1
145 1 0
146 0 2
147 0 3
148 3 0
149 0 1
# colocadas=150 ocupadas=6 mayor=159
