0 0 0
1 0 1
2 0 2
3 0 3
4 1 2
5 0 2
6 0 4
7 0 5
8 1 4
9 0 4
10 1 1
11 0 1
12 0 6
13 0 7
14 1 3
15 0 3
16 1 0
17 1 1
18 1 2
19 2 3
20 1 3
21 1 5
22 1 6
23 1 7
24 2 2
25 1 2
26 2 0
27 2 4
28 2 2
29 1 4
30 2 1
31 2 3
32 3 2
33 2 7
34 1 7
35 2 2
36 2 5
37 2 6
38 3 0
39 3 1
40 4 0
41 3 0
42 3 3
43 3 4
44 3 5
45 3 6
46 3 7
47 4 1
48 3 1
49 4 7
50 3 0
51 4 3
52 3 3
53 3 7
54 4 0
55 4 4
56 3 4
57 4 5
58 4 2
59 4 4
60 4 6
61 5 0
62 5 1
63 5 2
64 5 3
65 5 4
66 6 3
67 5 3
68 5 7
69 4 3
70 4 7
71 5 5
72 6 4
73 6 2
74 5 4
75 4 4
76 5 6
77 6 6
78 5 6
79 6 0
80 6 1
81 6 3
82 7 0
83 6 0
84 6 4
85 6 5
86 7 2
87 6 6
88 7 3
89 6 7
90 7 7
91 7 4
92 7 6
93 7 1
94 6 1
95 7 2
96 7 5
97 7 6
98 7 3
99 5 1
100 6 3
101 7 7
102 5 0
103 5 1
104 6 7
105 5 0
106 5 7
# colocadas=107 ocupadas=64 mayor=22
