0 0 0
1 0 1
2 0 2
3 0 3
4 0 4
5 0 5
6 0 6
7 0 7
8 1 0
9 1 7
10 0 7
11 1 1
12 1 2
13 1 6
14 0 6
15 1 3
16 1 4
17 2 3
18 1 3
19 2 7
20 2 1
21 1 1
22 1 0
23 1 7
24 1 5
25 2 0
26 0 5
27 0 6
28 2 4
29 1 4
30 2 7
31 2 1
32 2 0
33 2 5
34 1 0
35 2 3
36 1 5
37 0 5
38 1 7
39 2 0
40 2 6
41 2 7
42 1 7
43 2 2
44 2 1
45 2 4
46 3 0
47 3 1
48 3 2
49 3 3
50 3 4
51 4 0
52 3 0
53 3 5
54 3 6
55 3 7
56 4 2
57 4 7
58 3 7
59 3 2
60 4 6
61 3 6
62 2 6
63 4 4
64 3 1
65 3 4
66 3 0
67 3 5
68 4 0
69 3 0
70 2 0
71 4 1
72 4 5
73 3 5
74 4 3
75 4 2
76 4 7
77 5 5
78 4 5
79 5 0
80 5 1
81 5 2
82 5 3
83 6 1
84 5 4
85 5 6
86 4 6
87 5 7
88 4 7
89 5 1
90 6 0
91 5 3
92 6 1
93 7 0
94 6 0
95 6 2
96 5 2
97 6 3
98 6 4
99 6 5
100 7 4
101 7 2
102 6 2
103 6 6
104 6 7
105 5 7
106 7 0
107 7 6
108 6 4
109 6 6
110 6 3
111 5 3
112 7 3
113 7 5
114 7 4
115 6 7
116 7 1
117 6 1
118 6 6
119 6 3
120 5 3
121 7 7
122 4 3
123 6 4
124 4 2
125 6 3
126 7 3
127 7 2
128 7 6
129 4 3
130 6 6
131 7 3
132 6 3
133 4 4
134 5 4
# colocadas=135 ocupadas=64 mayor=43
