0 0 0
1 0 1
2 0 2
3 0 3
4 0 4
5 0 5
6 1 2
7 0 2
8 0 6
9 0 7
10 0 6
11 0 8
12 0 9
13 1 0
14 1 2
15 0 2
16 1 1
17 1 3
18 1 4
19 1 5
20 1 6
21 1 7
22 1 8
23 1 9
24 2 0
25 2 1
26 2 2
27 2 3
28 2 4
29 2 5
30 2 6
31 2 7
32 2 8
33 2 9
34 3 0
35 3 1
36 3 2
37 3 3
38 3 4
39 3 5
40 3 6
41 3 7
42 3 8
43 3 9
44 4 0
45 4 1
46 4 3
47 3 3
48 4 2
49 4 4
50 3 4
51 4 5
52 4 6
53 4 7
54 4 8
55 4 9
56 5 0
57 5 1
58 5 2
59 5 3
60 5 4
61 5 5
62 5 6
63 6 2
64 5 2
65 5 7
66 5 9
67 4 9
68 5 8
69 6 0
70 6 9
71 5 9
72 6 1
73 6 2
74 6 3
75 6 4
76 6 5
77 6 6
78 6 7
79 6 8
80 7 0
81 7 1
82 7 3
83 6 3
84 7 2
85 7 4
86 7 5
87 7 6
88 7 7
89 8 3
90 8 6
91 7 3
92 7 6
93 7 8
94 7 9
95 8 0
96 8 1
97 8 2
98 8 4
99 8 5
100 8 7
101 8 8
102 8 9
103 9 1
104 9 2
105 9 3
106 9 0
107 9 4
108 9 5
109 9 6
110 9 7
111 9 8
112 9 9
113 8 0
114 9 0
# colocadas=115 ocupadas=100 mayor=25
