0 1 1
1 0 2
2 2 2
3 1 3
4 3 2
5 2 0
6 0 0
7 2 1
8 0 1
9 1 0
10 2 3
11 3 1
12 1 1
13 1 3
14 2 2
15 0 1
16 0 2
17 0 3
18 3 3
19 1 2
20 2 0
21 0 0
22 2 3
23 0 1
24 3 0
25 3 2
26 3 1
27 2 1
28 2 2
29 2 1
30 3 2
31 1 3
32 0 2
33 1 1
34 2 0
35 1 2
36 2 1
37 0 3
38 3 3
39 3 1
40 2 3
41 3 3
42 0 0
43 0 2
44 2 1
45 0 1
46 2 2
47 2 1
48 2 0
49 1 1
50 0 1
51 2 3
52 1 1
53 2 1
54 3 3
55 0 1
56 0 3
57 1 3
58 2 2
59 0 0
60 3 2
61 2 2
62 0 3
63 2 1
64 0 2
65 0 3
66 0 2
67 0 3
68 3 1
69 1 0
70 2 3
71 1 1
72 1 0
73 3 3
74 1 3
75 0 0
76 2 3
77 3 2
78 3 3
# colocadas=79 ocupadas=16 mayor=58
